23.4906 -6.45717 0.137902 0
23.4872 -6.4582 0.185906 0
23.4855 -6.45869 0.21 0
23.4914 -6.45696 0.127684 0
23.4962 -6.45551 0.06 0
23.4984 -6.45485 0.03 0
23.5 -6.45437 0.0075 0
23.4747 -6.46197 0.36 0
23.4553 -6.46832 0.63 0
23.4609 -6.46649 0.552532 0
23.4625 -6.46592 0.530462 0
23.4623 -6.46596 0.531795 0
23.4722 -6.46287 0.395754 0
23.4686 -6.46402 0.44517 0
23.4701 -6.46352 0.424568 0
23.4753 -6.46184 0.352227 0
23.4869 -6.45829 0.19 0
23.4772 -6.46134 0.325315 0
23.4489 -6.47045 0.72 0
23.4201 -6.47872 1.13411 0
23.4389 -6.47335 0.862771 0
23.4403 -6.47301 0.843449 0
23.4388 -6.47336 0.865622 0
23.4444 -6.47169 0.785601 0
23.4459 -6.47138 0.761979 0
23.4265 -6.47696 1.04241 0
23.4405 -6.47301 0.84 0
23.4155 -6.47995 1.20074 0
23.3921 -6.48611 1.53181 0
23.3976 -6.4847 1.455 0
23.4032 -6.4832 1.37487 0
23.3987 -6.48445 1.44 0
23.4122 -6.48082 1.24714 0
23.4042 -6.48296 1.36083 0
23.4082 -6.4819 1.305 0
23.4072 -6.4822 1.3188 0
23.4208 -6.4785 1.125 0
23.405 -6.4828 1.35 0
23.4218 -6.47821 1.11 0
23.3643 -6.49344 1.92 0
23.3622 -6.49401 1.95 0
23.3828 -6.48857 1.66261 0
23.3683 -6.49236 1.8645 0
23.3762 -6.49027 1.75424 0
23.3717 -6.49146 1.8171 0
23.3758 -6.49036 1.75908 0
23.3809 -6.48897 1.68731 0
23.3729 -6.49111 1.79956 0
23.3907 -6.48646 1.55174 0
23.3966 -6.48499 1.47 0
23.3793 -6.4894 1.71 0
23.34 -6.49967 2.26567 0
23.3412 -6.4994 2.25 0
23.3375 -6.50029 2.30363 0
23.3384 -6.50008 2.2901 0
23.3326 -6.50152 2.37448 0
23.3385 -6.50007 2.28855 0
23.3487 -6.49748 2.14182 0
23.3454 -6.49833 2.18915 0
23.3463 -6.49809 2.17642 0
23.3374 -6.5003 2.30423 0
23.3463 -6.49811 2.175 0
23.3579 -6.4951 2.01 0
23.3086 -6.50756 2.72568 0
23.3042 -6.5087 2.79182 0
23.3049 -6.50853 2.7823 0
23.2994 -6.50991 2.86343 0
23.3095 -6.50734 2.71369 0
23.3091 -6.50742 2.71848 0
23.3105 -6.50708 2.69902 0
23.333 -6.50143 2.36848 0
23.3019 -6.5093 2.82705 0
23.2697 -6.51709 3.3 0
23.278 -6.51522 3.18 0
23.2797 -6.51476 3.1548 0
23.2676 -6.51757 3.33 0
23.2851 -6.51351 3.07608 0
23.2791 -6.51496 3.16465 0
23.2735 -6.51627 3.24621 0
23.2796 -6.5148 3.15617 0
23.2791 -6.51494 3.165 0
23.2904 -6.51225 3 0
23.2874 -6.51301 3.045 0
23.2614 -6.51902 3.42 0
23.2349 -6.52571 3.81 0
23.2399 -6.52442 3.73559 0
23.2564 -6.52026 3.49308 0
23.2598 -6.51945 3.44338 0
23.2486 -6.52221 3.607 0
23.2414 -6.52407 3.71322 0
23.2598 -6.51954 3.44474 0
23.2509 -6.52159 3.57259 0
23.2556 -6.52045 3.50406 0
23.2635 -6.51852 3.39 0
23.2061 -6.53362 4.23 0
23.2204 -6.52967 4.02378 0
23.2107 -6.53237 4.16401 0
23.2147 -6.53126 4.10528 0
23.2225 -6.52911 3.99366 0
23.2148 -6.53122 4.10371 0
23.2201 -6.52978 4.02823 0
23.2219 -6.52929 4.00082 0
23.2212 -6.52947 4.01 0
23.2061 -6.53362 4.23 0
23.2209 -6.52956 4.01778 0
23.2309 -6.52678 3.87 0
23.1684 -6.54343 4.77 0
23.181 -6.54031 4.59 0
23.1835 -6.53965 4.55484 0
23.193 -6.53719 4.41771 0
23.1891 -6.53822 4.47389 0
23.1853 -6.53919 4.52881 0
23.1876 -6.53854 4.49462 0
23.1766 -6.5414 4.65327 0
23.1705 -6.54292 4.74 0
23.1991 -6.53554 4.33 0
23.1967 -6.53623 4.365 0
23.1497 -6.54839 5.03424 0
23.1451 -6.54962 5.1 0
23.1449 -6.54964 5.1029 0
23.1496 -6.54842 5.03733 0
23.1581 -6.54618 4.91636 0
23.1551 -6.54695 4.95771 0
23.1554 -6.54688 4.95295 0
23.1641 -6.54461 4.83149 0
23.154 -6.54725 4.97253 0
23.1409 -6.55069 5.16 0
23.1663 -6.54397 4.8 0
23.114 -6.55726 5.55 0
23.1164 -6.55673 5.5154 0
23.1016 -6.55981 5.73 0
23.1308 -6.55333 5.30668 0
23.1078 -6.55858 5.64 0
23.1077 -6.55858 5.6412 0
23.1157 -6.5569 5.52582 0
23.125 -6.55463 5.39039 0
23.1225 -6.55525 5.42718 0
23.1287 -6.5538 5.33666 0
23.1211 -6.55569 5.44774 0
23.132 -6.55292 5.29 0
23.0792 -6.56387 6.06 0
23.0874 -6.56246 5.94 0
23.0941 -6.56119 5.84189 0
23.0869 -6.56245 5.94808 0
23.0834 -6.56312 5.9987 0
23.0874 -6.56243 5.94085 0
23.0976 -6.56058 5.79 0
23.0895 -6.56208 5.91 0
23.0975 -6.56059 5.79112 0
23.1016 -6.55981 5.73 0
23.0652 -6.56616 6.26902 0
23.0611 -6.56687 6.33 0
23.0616 -6.56678 6.3225 0
23.057 -6.56746 6.39295 0
23.0609 -6.56689 6.33435 0
23.0593 -6.56711 6.35781 0
23.0605 -6.56696 6.33948 0
23.0591 -6.56721 6.36 0
23.065 -6.56622 6.27359 0
23.0093 -6.57375 7.11442 0
23.028 -6.57169 6.83186 0
23.0258 -6.57194 6.86533 0
23.0242 -6.57216 6.89064 0
23.0297 -6.57146 6.80616 0
23.0331 -6.5709 6.75241 0
23.0209 -6.57255 6.94047 0
23.0338 -6.57082 6.74457 0
23.0402 -6.57002 6.64543 0
23.0432 -6.56963 6.6 0
23.0373 -6.57042 6.69 0
22.9888 -6.57481 7.42369 0
22.9858 -6.57485 7.47 0
22.9952 -6.57449 7.32591 0
22.9922 -6.57455 7.37142 0
23.0042 -6.57405 7.18973 0
23.0053 -6.57392 7.17194 0
23.0042 -6.57408 7.18885 0
22.9988 -6.5744 7.27 0
22.9939 -6.57455 7.34453 0
23.0093 -6.57375 7.11442 0
23.0069 -6.57389 7.14875 0
22.9526 -6.57436 7.98 0
22.9571 -6.57441 7.91 0
22.9663 -6.57452 7.77 0
22.9621 -6.57447 7.83398 0
22.9737 -6.57472 7.6573 0
22.975 -6.57472 7.63723 0
22.9674 -6.5746 7.75311 0
22.9733 -6.57468 7.66289 0
22.9671 -6.57458 7.75616 0
22.9762 -6.57463 7.61738 0
22.9203 -6.5735 8.4726 0
22.9283 -6.5738 8.35121 0
22.9284 -6.57386 8.35 0
22.9376 -6.57402 8.20805 0
22.9412 -6.57421 8.15452 0
22.9372 -6.57397 8.21479 0
22.9412 -6.57418 8.15338 0
22.9467 -6.57431 8.07 0
22.9382 -6.57418 8.20103 0
22.9191 -6.57345 8.4908 0
22.9231 -6.5736 8.43 0
22.9104 -6.57338 8.62088 0
22.9015 -6.57312 8.75539 0
22.9137 -6.57342 8.57165 0
22.9121 -6.57333 8.595 0
22.9109 -6.57332 8.61328 0
22.9104 -6.57332 8.62093 0
22.9019 -6.57319 8.74704 0
22.9071 -6.57325 8.67 0
22.8704 -6.57322 9.21 0
22.8593 -6.57363 9.36534 0
22.8811 -6.57306 9.05475 0
22.8797 -6.57296 9.07556 0
22.8786 -6.57315 9.08933 0
22.8837 -6.57298 9.01756 0
22.8718 -6.57328 9.18742 0
22.8856 -6.57304 8.98876 0
22.8759 -6.57312 9.13048 0
22.9091 -6.5733 8.64 0
22.8662 -6.57337 9.27 0
22.8445 -6.57412 9.57 0
22.8282 -6.57481 9.79382 0
22.8412 -6.57425 9.61554 0
22.8479 -6.57401 9.5226 0
22.8464 -6.57408 9.54396 0
22.8434 -6.57416 9.58562 0
22.8523 -6.57386 9.46118 0
22.8419 -6.57423 9.60464 0
22.8527 -6.57385 9.45621 0
22.8358 -6.57444 9.69 0
22.7979 -6.57638 10.2 0
22.8022 -6.57615 10.1427 0
22.8173 -6.57542 9.94 0
22.8132 -6.57563 9.99589 0
22.8052 -6.57604 10.1028 0
22.8127 -6.57565 10.0024 0
22.8131 -6.57568 9.99708 0
22.8102 -6.57576 10.0359 0
22.8203 -6.57529 9.9 0
22.8225 -6.57515 9.87 0
22.8136 -6.57566 9.99 0
22.7671 -6.57736 10.62 0
22.7715 -6.57714 10.56 0
22.7688 -6.57732 10.5953 0
22.778 -6.57703 10.4691 0
22.7703 -6.57716 10.577 0
22.7742 -6.57713 10.5218 0
22.771 -6.57717 10.5681 0
22.7714 -6.57723 10.56 0
22.7732 -6.57715 10.5357 0
22.7778 -6.57706 10.4704 0
22.7934 -6.57653 10.26 0
22.7889 -6.57667 10.32 0
22.7203 -6.57758 11.28 0
22.7628 -6.57744 10.68 0
22.7353 -6.57743 11.07 0
22.7345 -6.57748 11.08 0
22.7423 -6.57739 10.9708 0
22.7433 -6.57739 10.9576 0
22.731 -6.57749 11.13 0
22.7458 -6.57739 10.9221 0
22.7445 -6.57736 10.9412 0
22.739 -6.57743 11.0175 0
22.7012 -6.57776 11.55 0
22.6876 -6.57808 11.7396 0
22.6919 -6.578 11.6797 0
22.7116 -6.57765 11.4026 0
22.7137 -6.57766 11.3734 0
22.7116 -6.57769 11.4032 0
22.7096 -6.57769 11.4311 0
22.7099 -6.57767 11.4266 0
22.724 -6.57756 11.2279 0
22.7139 -6.57763 11.37 0
22.731 -6.57749 11.13 0
22.6658 -6.57808 12.03 0
22.6681 -6.5781 12 0
22.6803 -6.57814 11.8395 0
22.6697 -6.57809 11.9791 0
22.6714 -6.57807 11.9571 0
22.6869 -6.57795 11.7444 0
22.677 -6.57805 11.881 0
22.6883 -6.57804 11.7307 0
22.6903 -6.57802 11.7027 0
22.6815 -6.57801 11.8201 0
22.7034 -6.57772 11.52 0
22.6705 -6.5781 11.97 0
22.6372 -6.57714 12.3998 0
22.6342 -6.57704 12.4395 0
22.6364 -6.57709 12.411 0
22.6449 -6.57742 12.3006 0
22.6482 -6.57753 12.2565 0
22.6389 -6.5772 12.3785 0
22.6425 -6.57734 12.3314 0
22.6457 -6.57745 12.29 0
22.5968 -6.57523 12.93 0
22.6044 -6.57565 12.83 0
22.6065 -6.57576 12.8025 0
22.6082 -6.57584 12.78 0
22.6067 -6.57574 12.7994 0
22.6118 -6.57601 12.7333 0
22.595 -6.5751 12.9526 0
22.5991 -6.57532 12.8987 0
22.5991 -6.57535 12.9 0
22.5568 -6.57261 13.4471 0
22.5706 -6.57356 13.2696 0
22.5605 -6.57283 13.3989 0
22.567 -6.57329 13.3159 0
22.5739 -6.57377 13.227 0
22.5753 -6.57387 13.2085 0
22.5806 -6.57421 13.14 0
22.5753 -6.57384 13.2095 0
22.5573 -6.57267 13.44 0
22.5667 -6.57335 13.32 0
22.5249 -6.57026 13.86 0
22.5433 -6.57147 13.62 0
22.5295 -6.5706 13.7995 0
22.5285 -6.57047 13.8134 0
22.5359 -6.5711 13.7165 0
22.5326 -6.57073 13.7598 0
22.5383 -6.57121 13.6846 0
22.5423 -6.57142 13.6334 0
22.5381 -6.57112 13.6881 0
22.5358 -6.57092 13.7171 0
22.4822 -6.56909 14.4 0
22.4978 -6.56941 14.2083 0
22.4967 -6.56939 14.22 0
22.4983 -6.56943 14.2014 0
22.4957 -6.56942 14.2307 0
22.4985 -6.56948 14.1958 0
22.5008 -6.5695 14.1685 0
22.4948 -6.56935 14.2445 0
22.5025 -6.56959 14.1449 0
22.5006 -6.56948 14.1719 0
22.5054 -6.56961 14.1106 0
22.4822 -6.56909 14.4 0
22.5062 -6.56963 14.1 0
22.4456 -6.56857 14.8401 0
22.4499 -6.56868 14.79 0
22.476 -6.56901 14.475 0
22.4568 -6.5688 14.7072 0
22.4466 -6.56857 14.8277 0
22.4659 -6.56886 14.5968 0
22.4666 -6.56892 14.5888 0
22.468 -6.56892 14.5721 0
22.4466 -6.5686 14.8291 0
22.4723 -6.56897 14.52 0
22.4169 -6.56795 15.18 0
22.4136 -6.56793 15.22 0
22.426 -6.56811 15.0722 0
22.4298 -6.56826 15.0276 0
22.4269 -6.56811 15.0609 0
22.4215 -6.56803 15.1262 0
22.4256 -6.56808 15.0768 0
22.4172 -6.56797 15.1765 0
22.4318 -6.56825 15.0034 0
22.4346 -6.56827 14.97 0
22.4422 -6.56848 14.88 0
22.3697 -6.56843 15.7476 0
22.38 -6.56832 15.6235 0
22.3821 -6.56828 15.5981 0
22.379 -6.56829 15.6353 0
22.3888 -6.56812 15.5175 0
22.3924 -6.5681 15.4743 0
22.3754 -6.56842 15.68 0
22.3833 -6.56824 15.5844 0
22.3994 -6.56792 15.39 0
22.394 -6.56811 15.4552 0
22.3969 -6.56795 15.42 0
22.3319 -6.56892 16.2125 0
22.3516 -6.56869 15.9691 0
22.3459 -6.56877 16.0385 0
22.3345 -6.56889 16.18 0
22.3483 -6.56877 16.0095 0
22.344 -6.56876 16.0631 0
22.3445 -6.5688 16.0561 0
22.3523 -6.5687 15.9594 0
22.3621 -6.56856 15.84 0
22.295 -6.5687 16.68 0
22.3257 -6.56895 16.29 0
22.2997 -6.56873 16.62 0
22.3028 -6.56873 16.5814 0
22.3007 -6.56873 16.6082 0
22.3092 -6.56878 16.5 0
22.3058 -6.56876 16.5425 0
22.319 -6.56886 16.3751 0
22.3034 -6.56874 16.5723 0
22.3099 -6.5688 16.49 0
22.3198 -6.56886 16.3645 0
22.275 -6.56871 16.9376 0
22.2807 -6.56872 16.864 0
22.275 -6.56873 16.9369 0
22.2736 -6.56876 16.9548 0
22.2679 -6.5688 17.0279 0
22.2784 -6.56875 16.8933 0
22.2647 -6.56881 17.07 0
22.2614 -6.56885 17.1107 0
22.274 -6.56876 16.95 0
22.2278 -6.5688 17.55 0
22.2208 -6.56873 17.64 0
22.2396 -6.56887 17.3943 0
22.2261 -6.56882 17.57 0
22.2344 -6.56886 17.462 0
22.2261 -6.56878 17.5708 0
22.236 -6.56887 17.4411 0
22.2478 -6.56881 17.2887 0
22.2495 -6.56893 17.2652 0
22.2495 -6.56895 17.265 0
22.2541 -6.56893 17.2046 0
22.1831 -6.56941 18.12 0
22.1831 -6.56941 18.12 0
22.1736 -6.56976 18.24 0
22.1839 -6.56942 18.1094 0
22.2066 -6.56885 17.8205 0
22.2017 -6.56899 17.8834 0
22.2008 -6.56895 17.8941 0
22.2014 -6.56891 17.887 0
22.196 -6.56906 17.9556 0
22.2099 -6.56885 17.7778 0
22.2044 -6.56888 17.8488 0
22.2252 -6.56878 17.5825 0
22.2254 -6.56876 17.58 0
22.2114 -6.56872 17.76 0
22.2135 -6.5687 17.7335 0
22.1663 -6.57031 18.33 0
22.1564 -6.57112 18.45 0
22.1616 -6.57072 18.3864 0
22.1638 -6.5705 18.3605 0
22.1613 -6.57086 18.3892 0
22.1639 -6.57068 18.3573 0
22.1581 -6.57117 18.4278 0
22.1573 -6.57122 18.4373 0
22.1777 -6.56978 18.1857 0
22.1623 -6.57074 18.3772 0
22.1667 -6.57041 18.3237 0
22.1165 -6.57535 18.93 0
22.119 -6.57507 18.9 0
22.1239 -6.57453 18.8401 0
22.1247 -6.57442 18.8304 0
22.1243 -6.57448 18.836 0
22.1302 -6.57384 18.7646 0
22.1333 -6.57352 18.7275 0
22.1289 -6.57395 18.78 0
22.1316 -6.57369 18.7486 0
22.1377 -6.57302 18.675 0
22.1401 -6.57277 18.6459 0
22.1121 -6.57585 18.9821 0
23.2285 -6.52213 4.73145 0
23.2066 -6.52209 4.58582 0
23.1869 -6.53852 4.55267 0
23.2115 -6.51392 4.60089 0
23.2215 -6.51777 4.65181 0
23.2321 -6.50496 4.67064 0
23.235 -6.50476 4.67923 0
23.2263 -6.50956 4.64778 0
23.2275 -6.51329 4.66531 0
23.2393 -6.51225 4.71892 0
23.2179 -6.50373 4.61348 0
23.2141 -6.51822 4.6094 0
23.2456 -6.51008 4.73747 0
23.2409 -6.51126 4.7266 0
23.2271 -6.49556 4.6437 0
23.2285 -6.52213 4.73145 0
23.2478 -6.50682 4.7342 0
23.239 -6.51363 4.73773 0
23.048 -6.54476 6.0525 0
23.0549 -6.53705 6.05541 0
23.0487 -6.5447 6.05434 0
23.0547 -6.52458 6.06127 0
23.056 -6.54578 6.06662 0
23.0645 -6.55215 6.07776 0
23.0524 -6.54399 6.06719 0
23.0504 -6.55886 6.07774 0
23.0495 -6.55572 6.07591 0
23.0487 -6.55348 6.07259 0
23.0542 -6.56347 6.08611 0
23.0568 -6.55814 6.07889 0
22.489 -6.63225 14.2246 0
22.4842 -6.62919 14.233 0
22.4988 -6.61891 14.2231 0
22.4897 -6.62761 14.224 0
22.495 -6.61205 14.2283 0
22.4966 -6.62318 14.2212 0
22.5009 -6.61961 14.2121 0
22.4971 -6.62528 14.2227 0
22.4924 -6.60459 14.2275 0
22.4999 -6.6102 14.2223 0
22.4864 -6.62643 14.2467 0
22.4948 -6.62469 14.249 0
22.3552 -6.56638 15.8634 0
22.2886 -6.56454 15.9377 0
22.2883 -6.56663 15.9574 0
22.2884 -6.56678 15.9581 0
22.304 -6.56772 15.9256 0
22.307 -6.57893 15.9748 0
22.33 -6.59446 15.9676 0
22.3313 -6.58411 15.9507 0
22.3508 -6.61064 15.9882 0
22.3708 -6.63761 15.9415 0
22.3763 -6.61438 15.9598 0
22.3992 -6.63936 16.0013 0
22.4212 -6.67105 15.9766 0
22.4098 -6.66444 15.9798 0
22.418 -6.69242 15.9749 0
22.4292 -6.69183 15.9573 0
22.3401 -6.57029 16.9331 0
22.3062 -6.57982 16.9473 0
22.3042 -6.57806 16.9348 0
22.306 -6.58055 16.944 0
22.3185 -6.58285 16.9408 0
22.2989 -6.57537 16.9358 0
22.3071 -6.57764 16.9402 0
22.3367 -6.57038 16.9336 0
22.2828 -6.57747 16.9357 0
22.3328 -6.57216 16.9344 0
22.3302 -6.57236 16.9375 0
22.3441 -6.56581 16.9337 0
22.3271 -6.57984 16.9381 0
22.3247 -6.58227 16.9384 0
22.1913 -6.55168 17.7781 0
22.194 -6.55625 17.759 0
22.1852 -6.51439 17.9093 0
22.1851 -6.5291 17.8939 0
22.1891 -6.54567 17.8046 0
22.1881 -6.53444 17.8976 0
22.1866 -6.53103 17.9425 0
22.1957 -6.55043 17.8822 0
22.1855 -6.53058 17.8952 0
22.1939 -6.54076 17.929 0
22.1965 -6.54459 17.9247 0
22.2093 -6.56661 17.9875 0
22.1797 -6.52593 17.8646 0
22.2141 -6.58512 17.994 0
22.1738 -6.57962 18.191 0
22.1849 -6.57441 18.1661 0
22.1821 -6.57063 18.1618 0
22.1805 -6.56976 18.1604 0
22.182 -6.58668 18.1795 0
22.175 -6.57407 18.1942 0
22.1756 -6.58248 18.1894 0
22.178 -6.58213 18.1844 0
22.1804 -6.57907 18.1833 0
22.1794 -6.58101 18.1842 0
22.1808 -6.58041 18.183 0
22.1825 -6.58363 18.1716 0
22.1778 -6.57603 18.1942 0
20.5519 12.8303 5.02104 0
20.537 12.8781 5.00209 0
20.5579 12.8181 5.03504 0
20.5527 12.8316 5.02532 0
20.5488 12.8421 5.01863 0
20.5553 12.8289 5.03278 0
20.5575 12.8207 5.03453 0
20.5714 12.7882 5.05934 0
20.5977 12.731 5.10555 0
20.6011 12.7238 5.11197 0
20.6101 12.7168 5.12335 0
20.6108 12.707 5.12662 0
20.6296 12.6715 5.15939 0
20.6606 12.6091 5.21582 0
20.6618 12.6102 5.21489 0
20.6551 12.6263 5.20012 0
20.6558 12.6259 5.2012 0
20.6532 12.6257 5.20032 0
20.6722 12.587 5.23631 0
20.6582 12.611 5.21371 0
20.6845 12.5459 5.27158 0
20.6869 12.5393 5.27765 0
20.6954 12.5111 5.30274 0
20.6856 12.5436 5.27449 0
20.7109 12.4715 5.33802 0
20.7132 12.4679 5.3417 0
20.726 12.4292 5.37536 0
20.7393 12.3899 5.4092 0
20.7577 12.3371 5.45446 0
20.6961 12.5165 5.30057 0
20.7598 12.3286 5.46215 0
20.7667 12.3068 5.48059 0
20.7845 12.2563 5.52292 0
20.7667 12.3068 5.48059 0
20.7757 12.2823 5.50097 0
20.7886 12.25 5.52927 0
20.7891 12.2469 5.53265 0
20.7897 12.2441 5.53369 0
20.8155 12.1745 5.59499 0
20.8101 12.189 5.58269 0
20.8185 12.1662 5.60446 0
20.8541 12.0716 5.69302 0
20.8456 12.0933 5.67116 0
20.8563 12.0649 5.69811 0
20.8776 12.0106 5.75424 0
20.8481 12.0854 5.67561 0
20.8914 11.9606 5.80973 0
20.9136 11.8946 5.8822 0
20.879 12.0034 5.7626 0
20.9136 11.8946 5.8822 0
20.8944 11.9591 5.8112 0
20.9044 11.925 5.8482 0
20.9241 11.8593 5.91982 0
20.9162 11.8865 5.89067 0
20.9174 11.8825 5.89474 0
20.9317 11.8326 5.94908 0
20.9416 11.7991 5.98568 0
20.9436 11.7939 5.99113 0
20.9282 11.845 5.93609 0
20.9431 11.7945 5.98994 0
20.9745 11.5892 6.171 0
20.9749 11.6138 6.14793 0
20.9776 11.582 6.17446 0
20.9797 11.5551 6.19207 0
20.9824 11.5223 6.21536 0
20.9789 11.556 6.18935 0
20.979 11.5478 6.19756 0
20.9795 11.5556 6.19131 0
20.9857 11.504 6.22635 0
20.9885 11.4683 6.25178 0
20.9983 11.3769 6.31297 0
21.0415 11.0546 6.53498 0
21.009 11.2903 6.37276 0
21.0112 11.2816 6.37857 0
21.0126 11.2688 6.38727 0
21.0214 11.2052 6.43096 0
21.0162 11.2409 6.40652 0
21.0265 11.1679 6.45684 0
21.0259 11.1734 6.45322 0
21.0295 11.1502 6.46905 0
21.0279 11.1578 6.46358 0
21.0263 11.1731 6.45303 0
21.0244 11.1815 6.44717 0
21.039 11.0766 6.51955 0
21.0825 10.7298 6.78638 0
21.0497 11.0009 6.57391 0
21.0635 10.8981 6.65166 0
21.0554 10.9538 6.60924 0
21.0652 10.8926 6.65531 0
21.0686 10.8526 6.6885 0
21.0765 10.7924 6.7353 0
21.0678 10.8598 6.68276 0
21.0697 10.8488 6.69053 0
21.0858 10.6917 6.81815 0
21.076 10.7905 6.73752 0
21.0799 10.7552 6.76607 0
21.0812 10.7476 6.77138 0
21.0883 10.665 6.84058 0
21.087 10.6819 6.82659 0
21.0902 10.5998 6.89382 0
21.0952 10.4563 7.01022 0
21.0945 10.4662 7.00189 0
21.0936 10.5141 6.96352 0
21.0945 10.5153 6.96309 0
21.0953 10.4566 7.0108 0
21.0947 10.4572 7.009 0
21.0934 10.5397 6.94295 0
21.0902 10.6107 6.88491 0
21.0958 10.4468 7.01687 0
21.0958 10.3357 7.10423 0
21.0971 10.2659 7.16022 0
21.0963 10.1394 7.25459 0
21.0962 10.1343 7.25832 0
21.0966 10.1569 7.24133 0
21.0962 10.2147 7.19804 0
21.0962 10.1884 7.21784 0
21.0966 10.2703 7.15592 0
21.0963 10.0802 7.29885 0
21.0965 10.0152 7.34759 0
21.0966 10.2566 7.16741 0
21.0932 9.585 7.67856 0
21.093 9.76013 7.5487 0
21.0941 9.83337 7.49022 0
21.0942 9.87909 7.45548 0
21.0937 9.79903 7.51735 0
21.0941 9.834 7.49008 0
21.0943 9.86053 7.46935 0
21.0938 9.8435 7.48337 0
21.0944 9.85668 7.47259 0
21.0929 9.80772 7.51314 0
21.0963 9.51435 7.72799 0
21.0987 9.47378 7.75604 0
21.0945 9.5755 7.6845 0
21.1005 9.44132 7.77739 0
21.0979 9.48532 7.74732 0
21.0988 9.4697 7.75694 0
21.0976 9.50155 7.73597 0
21.0969 9.54585 7.70415 0
21.0971 9.50632 7.73274 0
21.0999 9.4478 7.77346 0
21.1029 9.39659 7.80828 0
21.1004 9.41231 7.79757 0
21.1051 9.21698 7.93236 0
21.1037 9.04138 8.05558 0
21.1033 9.08628 8.02446 0
21.1038 9.08354 8.02583 0
21.1038 9.08663 8.0237 0
21.1038 9.11794 8.00186 0
21.1039 9.10096 8.01376 0
21.104 9.11239 8.00525 0
21.1027 9.12086 8.0012 0
21.1029 9.0764 8.03081 0
21.1057 9.195 7.94597 0
21.1015 8.89569 8.15934 0
21.1026 8.69592 8.30166 0
21.1025 8.69487 8.30243 0
21.1021 8.78009 8.24161 0
21.1028 8.74181 8.26914 0
21.1022 8.74656 8.26536 0
21.1028 8.68762 8.30744 0
21.1017 8.82067 8.21244 0
21.103 8.68115 8.31155 0
21.1018 8.8765 8.17257 0
21.1037 8.59579 8.37275 0
21.1022 9.01578 8.07498 0
21.1019 8.73846 8.27109 0
21.1052 8.475 8.45774 0
21.1167 8.295 8.58163 0
21.1047 8.50657 8.43573 0
21.109 8.42293 8.49416 0
21.112 8.38058 8.52254 0
21.1125 8.35694 8.53915 0
21.1097 8.41179 8.50115 0
21.1132 8.38437 8.51939 0
21.1129 8.35622 8.53967 0
21.1157 8.31399 8.56843 0
21.1214 8.28981 8.58257 0
21.1061 8.44023 8.48214 0
21.1092 8.385 8.52073 0
21.1346 8.13974 8.68365 0
21.1215 8.24928 8.61149 0
21.1458 8.04031 8.74739 0
21.1418 8.07472 8.7255 0
21.1457 8.04188 8.74677 0
21.1534 7.95889 8.80182 0
21.1564 7.94523 8.80892 0
21.1593 7.91566 8.82824 0
21.1487 8.01045 8.76758 0
21.1541 7.96877 8.79353 0
21.1583 7.92535 8.82247 0
21.1962 7.51751 9.09656 0
21.1888 7.6073 9.03584 0
21.172 7.78643 8.91416 0
21.1812 7.68918 8.98 0
21.1895 7.59402 9.04462 0
21.1844 7.65271 9.00464 0
21.1846 7.64993 9.00651 0
21.184 7.65703 9.00189 0
21.1757 7.74844 8.93927 0
21.1917 7.575 9.05787 0
21.1965 7.51238 9.10003 0
21.2023 7.4285 9.15699 0
21.2007 7.45029 9.14199 0
21.2174 7.24713 9.27881 0
21.2205 7.21617 9.30257 0
21.2072 7.3809 9.19049 0
21.2123 7.31055 9.23764 0
21.2156 7.27297 9.26331 0
21.2107 7.33007 9.22413 0
21.2154 7.27718 9.26094 0
21.2127 7.3072 9.24088 0
21.2166 7.25427 9.2749 0
21.2247 7.15592 9.34081 0
21.2239 7.16926 9.33295 0
21.2423 6.92341 9.49065 0
21.2295 7.09158 9.38228 0
21.2403 6.94697 9.47511 0
21.2448 6.87925 9.51847 0
21.2428 6.90725 9.5008 0
21.2451 6.87586 9.52038 0
21.2485 6.82847 9.55093 0
21.245 6.87481 9.5213 0
21.2514 6.79553 9.57017 0
21.2528 6.76263 9.59295 0
21.2352 7.01459 9.43155 0
21.2733 6.49085 9.76123 0
21.263 6.61942 9.68161 0
21.2716 6.4966 9.75787 0
21.2639 6.6199 9.68128 0
21.2715 6.50222 9.75431 0
21.2704 6.52234 9.74175 0
21.2698 6.53237 9.7355 0
21.2727 6.47667 9.77046 0
21.2792 6.37419 9.83394 0
21.2764 6.43415 9.79646 0
21.2792 6.37419 9.83394 0
21.2815 6.315 9.87119 0
21.2866 6.21553 9.9362 0
21.2933 6.09085 10.0181 0
21.2879 6.18894 9.95365 0
21.2924 6.10995 10.0057 0
21.2938 6.08211 10.0238 0
21.2916 6.1244 9.99625 0
21.2869 6.20837 9.94079 0
21.2966 6.04538 10.0489 0
21.2884 6.16994 9.96553 0
21.2955 6.045 10.0479 0
21.326 5.66735 10.3101 0
21.3115 5.84072 10.1888 0
21.3231 5.69445 10.2911 0
21.3169 5.77132 10.2368 0
21.319 5.74743 10.254 0
21.3165 5.77754 10.2325 0
21.3172 5.76836 10.2388 0
21.3131 5.81687 10.2041 0
21.3261 5.66376 10.3129 0
21.3242 5.6878 10.2958 0
21.3191 5.74451 10.2553 0
21.3522 5.40149 10.4975 0
21.3428 5.48561 10.4387 0
21.3505 5.41811 10.4857 0
21.3467 5.45138 10.4625 0
21.3519 5.40345 10.4961 0
21.3515 5.41009 10.4915 0
21.3483 5.43469 10.4742 0
21.3562 5.36835 10.5205 0
21.3662 5.28244 10.5803 0
21.3679 5.26684 10.5914 0
21.3796 5.16221 10.6653 0
21.3885 5.08804 10.7192 0
21.3775 5.18191 10.6516 0
21.3968 5.01976 10.7695 0
21.3925 5.05368 10.7435 0
21.3939 5.04229 10.7521 0
21.4018 4.97708 10.7997 0
21.3988 5.00175 10.7813 0
21.4001 4.98891 10.7914 0
21.4109 4.90295 10.8547 0
21.4235 4.78181 10.9435 0
21.4209 4.80715 10.9246 0
21.4235 4.78331 10.9417 0
21.423 4.78707 10.9396 0
21.4284 4.73714 10.9752 0
21.4275 4.74463 10.9697 0
21.433 4.69744 11.0041 0
21.4431 4.6179 11.0618 0
21.4329 4.70898 10.9962 0
21.4395 4.65523 11.0352 0
21.4483 4.57477 11.0931 0
21.4756 4.3959 11.2247 0
21.4694 4.43623 11.195 0
21.4708 4.43274 11.1975 0
21.4691 4.44416 11.1891 0
21.474 4.40716 11.2164 0
21.4802 4.36988 11.2437 0
21.4757 4.3988 11.2224 0
21.493 4.29686 11.298 0
21.494 4.29117 11.3025 0
21.5013 4.24719 11.3345 0
21.5101 4.19925 11.3693 0
21.5119 4.18931 11.3769 0
21.502 4.24435 11.3356 0
21.5145 4.17431 11.3883 0
21.4965 4.275 11.3132 0
21.5057 4.22415 11.3506 0
21.5312 4.07014 11.4676 0
21.5478 3.97025 11.5428 0
21.5115 4.18872 11.3775 0
21.5234 4.11892 11.4306 0
21.5354 4.0454 11.4861 0
21.5533 3.9374 11.5674 0
21.5389 4.02534 11.501 0
21.5426 4.00225 11.5186 0
21.5476 3.9716 11.5417 0
21.5501 3.95807 11.5519 0
21.5544 3.93329 11.5704 0
21.5453 3.98536 11.5315 0
21.5742 3.81512 11.6588 0
21.5887 3.73038 11.7229 0
21.5828 3.765 11.6966 0
21.5861 3.74393 11.7124 0
21.6077 3.60878 11.8118 0
21.5907 3.71509 11.7336 0
21.6034 3.63729 11.7913 0
21.6083 3.60554 11.8145 0
21.6125 3.5766 11.8352 0
21.6077 3.60442 11.8145 0
21.5964 3.68145 11.7587 0
21.6377 3.39977 11.9619 0
21.6499 3.3159 12.0209 0
21.6442 3.35645 11.9925 0
21.6407 3.38301 11.9732 0
21.6498 3.31385 12.0222 0
21.6539 3.28677 12.0414 0
21.654 3.28503 12.0428 0
21.6642 3.21211 12.0943 0
21.6559 3.27128 12.0526 0
21.6673 3.19029 12.1096 0
21.6632 3.22457 12.0853 0
21.6783 3.10114 12.1728 0
21.7 2.925 12.2958 0
21.7016 2.90762 12.3069 0
21.6969 2.94919 12.2785 0
21.6894 3.01 12.2359 0
21.6989 2.93161 12.2907 0
21.6993 2.9301 12.2915 0
21.6944 2.96983 12.2641 0
21.7061 2.87136 12.3323 0
21.7092 2.84521 12.3504 0
21.7014 2.91273 12.3037 0
21.7234 2.72652 12.4322 0
21.7399 2.55097 12.5521 0
21.7303 2.67445 12.4681 0
21.7409 2.55774 12.547 0
21.7423 2.56397 12.5417 0
21.7468 2.49434 12.5894 0
21.7401 2.57451 12.5344 0
21.7434 2.54293 12.5563 0
21.7492 2.47211 12.6035 0
21.735 2.60984 12.5106 0
21.749 2.475 12.6014 0
21.7634 2.265 12.7503 0
21.7715 2.11937 12.8569 0
21.7633 2.25026 12.7617 0
21.7678 2.17538 12.816 0
21.7649 2.235 12.7722 0
21.7626 2.26817 12.7483 0
21.7679 2.1864 12.8075 0
21.7654 2.22452 12.7799 0
21.7684 2.17915 12.8127 0
21.773 2.09356 12.8755 0
21.7678 2.17849 12.8142 0
21.7737 2.085 12.8838 0
21.7687 2.17604 12.8148 0
21.7865 1.87109 13.0435 0
21.8045 1.6141 13.2405 0
21.7811 1.9475 12.9843 0
21.7807 1.9572 12.9772 0
21.7894 1.83218 13.0736 0
21.7889 1.8366 13.0698 0
21.7875 1.85901 13.0529 0
21.7868 1.86688 13.0466 0
21.7859 1.8806 13.0361 0
21.7898 1.82378 13.0797 0
21.7844 1.90413 13.0181 0
21.7944 1.7586 13.13 0
21.7996 1.68162 13.1887 0
21.8008 1.665 13.2014 0
21.8099 1.53875 13.3 0
21.8047 1.61078 13.2431 0
21.8216 1.36572 13.4365 0
21.8104 1.53087 13.3053 0
21.8113 1.51948 13.3143 0
21.8211 1.37046 13.4332 0
21.8142 1.47674 13.3483 0
21.8163 1.44226 13.3756 0
21.8131 1.4963 13.3321 0
21.8313 1.18198 13.5847 0
21.8378 1.09818 13.6526 0
21.8323 1.19893 13.5713 0
21.8338 1.16196 13.601 0
21.8298 1.21981 13.5543 0
21.8322 1.19817 13.5717 0
21.8338 1.16135 13.6016 0
21.8368 1.11839 13.6363 0
21.8325 1.17092 13.5938 0
21.836 1.13441 13.6232 0
21.8382 1.08152 13.6662 0
21.8382 1.08152 13.6662 0
21.848 0.977466 13.7503 0
21.8576 0.872813 13.8349 0
21.8592 0.859113 13.846 0
21.8545 0.910299 13.8046 0
21.8536 0.921778 13.7954 0
21.8583 0.866059 13.8406 0
21.8611 0.83767 13.8634 0
21.8664 0.784778 13.906 0
21.8667 0.764543 13.9229 0
21.8653 0.789321 13.9026 0
21.8509 0.94726 13.7747 0
21.8622 0.831673 13.8683 0
21.8815 0.551908 14.0945 0
21.8777 0.615665 14.0435 0
21.8834 0.517725 14.1227 0
21.8829 0.528756 14.1134 0
21.8858 0.474281 14.1586 0
21.8835 0.513098 14.127 0
21.8843 0.503686 14.1341 0
21.8816 0.548273 14.098 0
21.8852 0.488122 14.147 0
21.8865 0.468134 14.1627 0
21.8919 0.370279 14.2436 0
21.8919 0.370279 14.2436 0
21.9075 0.106522 14.4634 0
21.902 0.189327 14.3943 0
21.9032 0.167542 14.4123 0
21.9026 0.183705 14.3988 0
21.9058 0.124347 14.4481 0
21.9045 0.147096 14.4294 0
21.9016 0.200876 14.3845 0
21.9048 0.140043 14.4351 0
21.9092 0.075 14.4899 0
21.8983 0.257591 14.337 0
21.9043 0.157775 14.4205 0
21.9075 0.106522 14.4634 0
21.912 0.00928384 14.5442 0
21.9201 -0.164798 14.6869 0
21.9212 -0.187621 14.7056 0
21.9172 -0.101356 14.6348 0
21.9218 -0.202385 14.7175 0
21.919 -0.144186 14.6698 0
21.9206 -0.17487 14.6951 0
21.9244 -0.255 14.7606 0
21.9199 -0.159451 14.6825 0
21.9158 -0.0745953 14.6131 0
21.9203 -0.171141 14.6923 0
21.9356 -0.510623 14.968 0
21.936 -0.520708 14.9763 0
21.9341 -0.474122 14.9376 0
21.9331 -0.445785 14.9149 0
21.9328 -0.446461 14.9161 0
21.934 -0.476898 14.9409 0
21.9283 -0.345888 14.834 0
21.9357 -0.510195 14.9649 0
21.9308 -0.405 14.8827 0
21.9394 -0.585 15.0278 0
21.9462 -0.875503 15.2216 0
21.9466 -0.897441 15.2351 0
21.9466 -0.922571 15.2507 0
21.9435 -0.748662 15.1377 0
21.9452 -0.808604 15.1782 0
21.9459 -0.861871 15.2122 0
21.9447 -0.793055 15.1677 0
21.9454 -0.827104 15.1899 0
21.9451 -0.820124 15.1855 0
21.9442 -0.75265 15.1426 0
21.9546 -1.27876 15.4718 0
21.9511 -1.13174 15.3807 0
21.9548 -1.29038 15.4788 0
21.953 -1.20862 15.4283 0
21.953 -1.20636 15.4265 0
21.9532 -1.21448 15.4315 0
21.9537 -1.23609 15.4451 0
21.9564 -1.35405 15.5165 0
21.9515 -1.14464 15.3887 0
21.956 -1.33292 15.5036 0
21.965 -1.75382 15.7563 0
21.9604 -1.56573 15.6416 0
21.9614 -1.5945 15.6595 0
21.9612 -1.58912 15.6562 0
21.9609 -1.5725 15.6462 0
21.961 -1.5808 15.6512 0
21.9615 -1.57958 15.6516 0
21.9603 -1.55546 15.6356 0
21.9611 -1.56253 15.6417 0
21.965 -1.75382 15.7563 0
21.9629 -1.65469 15.6966 0
21.9627 -1.66045 15.6986 0
21.9595 -1.51039 15.6088 0
21.976 -1.98978 15.9086 0
21.9749 -1.96679 15.8936 0
21.9677 -1.82229 15.8 0
21.9686 -1.83453 15.8081 0
21.9777 -2.0279 15.9329 0
21.9769 -2.0107 15.9219 0
21.9777 -2.02871 15.9334 0
21.9739 -1.94821 15.8816 0
21.9769 -2.01111 15.9221 0
21.985 -2.16336 16.0211 0
21.9697 -1.85611 15.8221 0
21.9733 -1.935 15.8729 0
22.0026 -2.4382 16.199 0
22.0029 -2.44333 16.2023 0
22.0039 -2.46016 16.2131 0
21.9936 -2.30647 16.1136 0
21.9963 -2.34916 16.1416 0
21.9961 -2.3442 16.138 0
22.0007 -2.41045 16.1807 0
21.998 -2.37313 16.1571 0
22.0025 -2.43898 16.1991 0
22.0054 -2.47663 16.2236 0
22.0169 -2.66047 16.3411 0
22.0264 -2.81459 16.4391 0
22.0252 -2.79359 16.4258 0
22.0238 -2.76836 16.4099 0
22.0216 -2.73426 16.3881 0
22.0231 -2.76046 16.4047 0
22.0269 -2.81753 16.4414 0
22.0216 -2.7352 16.3886 0
22.0318 -2.89823 16.4926 0
22.0537 -3.33508 16.7779 0
22.0478 -3.1938 16.685 0
22.0449 -3.13929 16.6498 0
22.0449 -3.13447 16.6462 0
22.0408 -3.05405 16.5941 0
22.0468 -3.17262 16.6714 0
22.0461 -3.15988 16.6631 0
22.0422 -3.06236 16.5993 0
22.0477 -3.19473 16.6853 0
22.0555 -3.375 16.8044 0
22.0605 -3.47983 16.8751 0
22.0553 -3.36365 16.7975 0
22.064 -3.56403 16.9321 0
22.0635 -3.55163 16.924 0
22.0627 -3.53271 16.9111 0
22.0613 -3.50241 16.8905 0
22.0623 -3.524 16.9052 0
22.0588 -3.44877 16.8542 0
22.0641 -3.56732 16.9343 0
22.0538 -3.335 16.7779 0
22.0636 -3.55414 16.9255 0
22.0613 -3.49954 16.8885 0
22.0721 -3.74801 17.0563 0
22.0703 -3.71073 17.0312 0
22.0735 -3.78259 17.0798 0
22.0762 -3.83901 17.1172 0
22.075 -3.8153 17.1013 0
22.0787 -3.89743 17.1563 0
22.079 -3.90243 17.1592 0
22.0794 -3.91038 17.1649 0
22.0786 -3.89372 17.1538 0
22.0773 -3.86518 17.1351 0
22.0798 -3.92163 17.1725 0
22.0825 -3.98031 17.2113 0
22.0737 -3.78518 17.0815 0
22.095 -4.36068 17.4677 0
22.0867 -4.07508 17.2742 0
22.0884 -4.12158 17.3053 0
22.0947 -4.35949 17.4669 0
22.0931 -4.26054 17.3989 0
22.0936 -4.28095 17.4129 0
22.0913 -4.19144 17.352 0
22.0938 -4.29756 17.4243 0
22.0947 -4.33528 17.4501 0
22.0989 -4.53879 17.5891 0
22.1025 -4.68059 17.6846 0
22.1016 -4.64017 17.6573 0
22.1018 -4.65406 17.6666 0
22.1026 -4.68434 17.6867 0
22.1005 -4.6073 17.6347 0
22.0987 -4.534 17.5855 0
22.1039 -4.73891 17.7234 0
22.1014 -4.63804 17.6559 0
22.0995 -4.55747 17.6016 0
22.1005 -4.6043 17.6331 0
22.0966 -4.44982 17.5285 0
22.1058 -4.80807 17.7696 0
22.1087 -4.91193 17.8395 0
22.1098 -4.94716 17.8633 0
22.1131 -5.09541 17.9619 0
22.1103 -4.96699 17.8766 0
22.111 -4.99429 17.8947 0
22.1105 -4.9797 17.8849 0
22.1106 -4.99856 17.8972 0
22.1103 -4.97147 17.8794 0
22.1106 -4.9935 17.894 0
22.1137 -5.14702 17.9957 0
22.1058 -4.80807 17.7696 0
22.1178 -5.44558 18.1992 0
22.1174 -5.33253 18.1204 0
22.1166 -5.29834 18.0976 0
22.1181 -5.38765 18.158 0
22.1185 -5.43855 18.193 0
22.1177 -5.3345 18.1213 0
22.1173 -5.34859 18.1322 0
22.1181 -5.32706 18.1157 0
22.1191 -5.38498 18.1546 0
22.1151 -5.205 18.0344 0
22.1183 -5.61302 18.3164 0
22.1177 -5.80493 18.4544 0
22.1177 -5.80289 18.453 0
22.118 -5.72238 18.3955 0
22.1182 -5.66114 18.3514 0
22.118 -5.72248 18.3955 0
22.118 -5.71583 18.3909 0
22.1177 -5.75351 18.4172 0
22.1184 -5.61482 18.3185 0
22.1184 -5.62033 18.3224 0
22.1182 -5.715 18.3904 0
22.1183 -5.625 18.3261 0
22.1179 -5.76875 18.4288 0
22.1162 -5.98071 18.5775 0
22.1138 -6.15217 18.6969 0
22.1145 -6.10075 18.661 0
22.1157 -6.00874 18.5971 0
22.1139 -6.15579 18.6992 0
22.1153 -6.03775 18.6173 0
22.1142 -6.13142 18.6823 0
22.1153 -6.04856 18.625 0
22.1127 -6.225 18.7473 0
22.1148 -6.08251 18.6485 0
22.1168 -5.925 18.5386 0
22.1119 -6.51395 18.9464 0
22.1121 -6.44181 18.8967 0
22.1124 -6.32059 18.813 0
22.1123 -6.40904 18.8741 0
22.1123 -6.38133 18.8549 0
22.1122 -6.42889 18.8878 0
22.1122 -6.42046 18.882 0
22.1124 -6.37064 18.8477 0
22.1124 -6.38564 18.858 0
22.1125 -6.315 18.8092 0
22.119 -6.58796 18.9953 0.0229478
22.1354 -6.61459 19.0089 0.0232848
22.119 -6.58796 18.9953 0.0229478
22.1509 -6.64013 19.022 0.0644719
22.1354 -6.61459 19.0089 0.025862
22.1647 -6.66292 19.0336 0.0469834
22.1783 -6.68565 19.0452 0.0255157
22.1354 -6.61459 19.0089 0.025862
22.1725 -6.6761 19.0402 0.0609286
22.1591 -6.65373 19.0289 0.0277569
22.1965 -6.71634 19.0607 0.0558789
22.1755 -6.68083 19.0427 0.0236969
22.2284 -6.76983 19.0879 0.0936774
22.2286 -6.77 19.0879 0.156129
22.2568 -6.81797 19.1123 0.0711071
22.2897 -6.87581 19.1413 0.0894654
22.2838 -6.86602 19.1363 0.129839
22.3283 -6.9448 19.1761 0.0961659
22.3415 -6.96856 19.188 0.0719986
22.3868 -7.05069 19.2296 0.0270937
22.3558 -6.99449 19.2012 0.126221
22.3616 -7.005 19.2065 0.0245418
22.3616 -7.005 19.2065 0.0245418
22.3703 -7.02083 19.2146 0.0055356
22.3832 -7.04426 19.2264 0.0388254
22.4065 -7.08657 19.248 0.0493026
22.3285 -6.94488 19.176 0.0479481
22.3886 -7.05417 19.2314 0.0335946
22.392 -7.06017 19.2346 0.0378159
22.3984 -7.07194 19.2404 0.129879
22.4556 -7.17532 19.2931 0.035434
22.4476 -7.16071 19.2856 0.115779
22.4481 -7.16157 19.2861 0.115488
22.4929 -7.24188 19.3268 0.0536407
22.4982 -7.25137 19.3316 0.0954793
22.5217 -7.29438 19.3535 0.0944602
22.5059 -7.26504 19.3385 0.0671228
22.5444 -7.335 19.3742 0.0230315
22.5236 -7.29722 19.3549 0.0100001
22.5348 -7.31721 19.3651 0.0468043
22.5561 -7.35766 19.3859 0.0305264
22.1235 -6.58796 18.9899 0.105973
22.1523 -6.61736 18.9917 0.10681
22.1416 -6.60651 18.9909 0.209304
22.1642 -6.62959 18.9921 0.164936
22.1344 -6.59913 18.9906 0.257151
22.1598 -6.62506 18.9922 0.102598
22.1938 -6.65986 18.9936 0.261368
22.143 -6.60789 18.991 0.155431
22.1377 -6.60236 18.9908 0.0327989
22.2104 -6.67712 18.9942 0.337446
22.2068 -6.67338 18.9941 0.0974538
22.2694 -6.73941 18.9959 0.054686
22.2753 -6.74666 18.9956 0.215002
22.3037 -6.7779 18.996 0.288256
22.2661 -6.73693 18.9954 0.269565
22.3411 -6.82035 18.9959 0.217636
22.369 -6.85292 18.9956 0.0620195
22.4489 -6.94928 18.996 0.0649461
22.1523 -6.61736 18.9917 0.053405
22.1704 -6.63582 18.9924 0.273045
22.169 -6.63447 18.9924 0.469243
22.1782 -6.64386 18.993 0.161606
22.2174 -6.68434 18.9944 0.535838
22.2312 -6.69827 18.9951 0.164101
22.2272 -6.69479 18.9947 0.285425
22.2506 -6.71964 18.9953 0.50815
22.2655 -6.73569 18.9956 0.655621
22.3003 -6.77448 18.9959 0.405755
22.3298 -6.8076 18.9959 0.525953
22.3573 -6.83955 18.9959 0.597308
22.3545 -6.83634 18.9959 0.611125
22.3793 -6.86527 18.9958 0.610914
22.4085 -6.90054 18.996 0.815794
22.3816 -6.86865 18.9958 0.790308
22.4391 -6.93745 18.9968 0.989156
22.4616 -6.96518 18.9973 0.789319
22.4583 -6.96063 18.997 0.791804
22.4893 -6.99864 18.998 0.984724
22.5042 -7.01667 18.9983 1.06117
22.5034 -7.01574 18.9983 1.21796
22.54 -7.06049 18.9993 1.45821
22.5459 -7.06794 18.9991 1.01258
22.5404 -7.0611 18.9992 0.752464
22.5897 -7.12181 19.0003 1.69282
22.5844 -7.11493 19.0002 1.60117
22.6065 -7.14306 19.0007 1.69084
22.6139 -7.15316 19.001 1.0141
22.6191 -7.16047 19.0013 0.585887
22.5974 -7.1302 19.0003 0.107187
22.6271 -7.17233 19.0025 0.324084
22.5916 -7.1227 19.0003 0.20888
22.6114 -7.1492 19.0005 0.132398
22.627 -7.17226 19.0025 0.307631
22.1333 -6.5793 19.0122 0.0904934
22.1333 -6.5793 19.0122 0.0904934
22.1538 -6.58297 19.0338 0.271893
22.1333 -6.5793 19.0122 0.27148
22.143 -6.58112 19.0224 0.905424
22.1508 -6.58255 19.0307 0.560536
22.1672 -6.58541 19.0481 0.362184
22.1567 -6.58358 19.0369 0.48548
22.156 -6.58334 19.0362 0.591383
22.1527 -6.58277 19.0327 0.407275
22.1885 -6.58888 19.0705 0.18405
22.1476 -6.58182 19.0272 0.0982209
22.1333 -6.5793 19.0122 0.0904934
22.1452 -6.58154 19.0247 0.559547
22.1587 -6.58377 19.039 0.606824
22.1552 -6.58321 19.0354 0.956016
22.1841 -6.58811 19.0659 0.683748
22.1431 -6.58117 19.0225 0.299237
22.179 -6.58735 19.0605 0.617111
22.1894 -6.58886 19.0714 0.488886
22.1825 -6.58795 19.0643 0.319888
22.1962 -6.58968 19.0785 0.011643
22.1755 -6.58675 19.0568 0.297223
22.1949 -6.58968 19.0772 0.276262
36.3332 -0.234655 17.7838 0.00539951
22.111 -6.56567 19.0085 0.278586
22.1112 -6.56875 19.0026 0.177529
22.1113 -6.57008 19.0001 0.745037
22.111 -6.56567 19.0085 0.278586
22.1112 -6.56869 19.0027 0.386082
22.1113 -6.57053 18.9993 0.567508
22.1115 -6.57296 18.9947 0.144461
22.1115 -6.57296 18.9947 0.144461
22.1115 -6.57296 18.9947 0.144461
22.111 -6.56567 19.0085 0.557171
22.1112 -6.56875 19.0026 0.163787
22.1115 -6.57296 18.9947 0.144461
22.1159 -6.57484 18.9936 0.666496
22.1159 -6.57484 18.9936 0.222165
22.1159 -6.57484 18.9936 0.222165
22.1159 -6.57484 18.9936 0.406297
22.1159 -6.57484 18.9936 0.222165
22.1159 -6.57484 18.9936 0.222165
22.1204 -6.57371 18.9983 0.349416
22.1159 -6.57484 18.9936 0.222165
18.5855 -16.9769 15.8991 0.00476492
19.304 -19.2791 16.3817 0.00937671
25.4792 -18.2544 20.7531 0.00804057
22.0276 -6.57255 18.848 0
22.0357 -6.57245 18.8612 0
22.0412 -6.57238 18.8705 0
22.0531 -6.57291 18.8905 0
22.052 -6.57272 18.8886 0
22.0466 -6.57283 18.8795 0
22.0482 -6.5728 18.8823 0
22.0625 -6.5732 18.9062 0
22.082 -6.57395 18.939 0
22.0756 -6.57373 18.9282 0
22.0742 -6.57364 18.9258 0
22.1006 -6.57504 18.9704 0
22.0944 -6.57456 18.96 0
22.0944 -6.57456 18.96 0
22.0944 -6.57456 18.96 0
22.0594 -6.57283 18.9008 0
22.0689 -6.57332 18.917 0
22.0946 -6.57461 18.9602 0
22.08 -6.57397 18.9356 0
22.1067 -6.57551 18.9807 0
22.1108 -6.57585 18.9878 0
22.1115 -6.57606 18.9893 7.8915
14.2435 -11.629 24.043 0.00860686
22.5602 -7.36545 19.3898 3.13899
22.0128 -2.68616 16.2311 0
22.0009 -2.67948 16.2464 0
22.0246 -2.68692 16.1811 0
22.0305 -2.68892 16.1741 0
21.993 -2.68183 16.2798 0
22.0203 -2.6856 16.1856 0
22.0645 -2.68393 16.172 0
22.1156 -2.64501 16.1913 0
22.1045 -2.64576 16.1908 0
22.1271 -2.60796 16.2131 0
22.14 -2.63012 16.2031 0
22.126 -2.65175 16.191 0
22.14 -2.63012 16.2031 0
22.1357 -2.61622 16.2101 0
21.9979 -2.68819 16.3593 0
21.9772 -2.66496 16.3087 0
22.0095 -2.6963 16.2896 0
21.9907 -2.67505 16.3532 0
22.0052 -2.68418 16.2617 0
21.9846 -2.66797 16.3235 0
22.0401 -2.69681 16.3183 0
21.9816 -2.66628 16.3305 0
22.0124 -2.6852 16.2703 0
22.0925 -2.68002 16.1697 0
22.14 -2.63012 16.2031 0
22.0617 -2.68593 16.1659 0
22.1325 -2.64485 16.1915 0
22.1227 -2.63819 16.197 0
21.7167 2.01139 12.8578 0
21.7226 1.98291 12.8194 0
21.7178 1.99028 12.8315 0
21.738 2.02174 12.8812 0
21.7234 2.00497 12.8488 0
21.7222 1.99322 12.8354 0
21.7331 2.01946 12.8779 0
21.7268 1.98735 12.8032 0
21.7269 1.99586 12.8319 0
21.7412 2.02725 12.9082 0
21.7289 2.00882 12.8758 0
21.7357 2.02249 12.8941 0
21.7514 2.00606 12.8928 0
21.7211 1.98077 12.833 0
21.7756 2.01415 12.9317 0
21.7204 2.63189 12.4849 0
21.7216 2.63115 12.4866 0
21.72 2.63388 12.4779 0
21.7223 2.63339 12.4855 0
21.7279 2.62921 12.4924 0
21.7169 2.6376 12.471 0
21.7286 2.63696 12.4822 0
21.7226 2.63149 12.4872 0
21.7243 2.64511 12.4659 0
21.592 3.27052 12.0925 0
21.5571 3.30574 12.1385 0
21.5604 3.30183 12.1404 0
21.5486 3.3162 12.1534 0
21.5637 3.31329 12.1388 0
21.5679 3.28745 12.1404 0
21.6032 3.27163 12.1107 0
21.6014 3.26719 12.1082 0
21.6066 3.24908 12.117 0
21.6088 3.2632 12.1156 0
21.6322 3.24719 12.0921 0
21.5932 3.25385 12.1103 0
21.5567 3.32977 12.1521 0
21.6233 3.26782 12.0897 0
21.5536 3.32763 12.1559 0
21.2862 6.08069 9.98753 0
21.3038 6.0599 9.97707 0
21.2977 6.06581 9.9761 0
21.2931 6.06946 9.98356 0
21.295 6.06862 9.97265 0
21.3115 6.06491 9.97925 0
21.3099 6.05392 9.96932 0
21.3243 6.04983 9.96445 0
21.3198 6.03576 9.95445 0
21.0985 9.15509 7.97915 0
21.0847 9.20868 7.98708 0
21.0863 9.20788 7.98723 0
21.0898 9.18848 7.98413 0
21.0894 9.20153 7.98901 0
21.0897 9.20073 7.98634 0
21.0862 9.19249 7.98469 0
21.0922 9.18033 7.98098 0
21.0931 9.17838 7.97923 0
21.0863 9.197 7.99235 0
21.0931 9.18598 7.98437 0
21.1037 9.14775 7.98054 0
21.0935 9.17872 7.97916 0
21.0651 9.40467 7.75855 0
21.0445 9.39769 7.74434 0
21.0588 9.40392 7.75535 0
21.0739 9.40695 7.7672 0
21.0584 9.40194 7.75361 0
21.0735 9.40693 7.77367 0
21.082 9.40903 7.77348 0
21.0618 9.40394 7.75571 0
21.1086 9.79656 7.50079 0
21.1075 9.78753 7.52358 0
21.0957 9.76042 7.5472 0
21.1021 9.7786 7.52472 0
21.1103 9.79111 7.50803 0
21.1153 9.7923 7.49749 0
21.0979 9.77891 7.53786 0
21.1079 9.78913 7.51559 0
21.0931 9.76656 7.54431 0
21.0923 9.76159 7.54656 0
20.5134 12.9549 4.91156 0
20.5131 12.9484 4.91977 0
20.5166 12.9353 4.93692 0
20.5138 12.9592 4.90681 0
20.5123 12.9739 4.88828 0
20.5141 12.9477 4.92037 0
20.5115 12.9572 4.90922 0
20.5247 12.9067 4.97608 0
20.5182 12.9289 4.94368 0
20.5194 12.927 4.94812 0
20.5164 12.9371 4.93479 0
20.5314 12.8941 4.99708 0
20.5205 12.9228 4.95435 0
20.5187 12.9325 4.94125 0
20.5203 12.9251 4.95127 0
20.5125 12.9588 4.90705 0
20.52 12.9228 4.95311 0
20.529 12.8994 4.98875 0
20.0953 13.1024 0.03 0.0014348
20.1368 13.1224 0.3 0.0225966
20.1036 13.1061 0.0824916 0.0292755
20.1099 13.1082 0.121357 0.057811
20.121 13.1139 0.192843 0.124784
20.1174 13.1136 0.175049 0.12575
20.1389 13.1252 0.325038 0.104856
20.128 13.1174 0.24 0.070634
20.1395 13.1272 0.340204 0.0703315
20.1151 13.1124 0.16182 0.105783
20.1241 13.1145 0.21 0.0170155
20.1282 13.1168 0.237748 0.0223645
20.1401 13.1254 0.33 0.0224421
20.1502 13.1344 0.42 0.00691972
20.1523 13.1356 0.438468 0.0414974
20.1648 13.1453 0.611109 0.0977679
20.1784 13.1572 0.731363 0.114121
20.1676 13.1485 0.625102 0.116472
20.177 13.1552 0.718436 0.144586
20.176 13.1552 0.693979 0.0789827
20.167 13.1474 0.587676 0.0929297
20.1694 13.149 0.611785 0.0673202
20.1704 13.1495 0.605282 0.0265849
20.1846 13.1604 0.9 0.02293
20.21 13.1719 1.17 0
20.202 13.1696 1.06778 0.0829925
20.1901 13.1636 0.954237 0.0715223
20.2075 13.1724 1.11567 0
20.2074 13.1725 1.10998 0
20.2056 13.1711 1.11891 0
20.206 13.1708 1.12536 0
20.216 13.1766 1.19809 0
20.2104 13.1726 1.16929 0
20.2327 13.1864 1.33 0
20.1993 13.1677 1.08 0.0198174
20.2228 13.1797 1.26 0
20.2314 13.1855 1.32 0
20.2314 13.1855 1.32 0
20.2635 13.2041 1.515 0
20.255 13.2 1.46913 0
20.2711 13.2073 1.55466 0
20.2966 13.2176 1.68145 0
20.2725 13.2091 1.56802 0
20.2764 13.2114 1.59032 0
20.2814 13.2136 1.61607 0
20.284 13.2142 1.62872 0
20.3054 13.2223 1.73 0
20.3029 13.222 1.72047 0
20.3316 13.2311 1.8466 0
20.322 13.2273 1.8 0
20.327 13.2293 1.82305 0
20.3541 13.2397 1.96435 0
20.3522 13.2389 1.95 0
20.3505 13.2383 1.94876 0
20.3694 13.2454 2.0614 0
20.3794 13.2492 2.1295 0
20.3906 13.2528 2.20318 0
20.3848 13.2509 2.16316 0
20.3885 13.252 2.18968 0
20.4074 13.2594 2.33384 0
20.4013 13.2565 2.28362 0
20.3972 13.2551 2.25 0
20.4266 13.2699 2.47757 0
20.4316 13.2724 2.51307 0
20.4332 13.2721 2.52369 0
20.4359 13.2737 2.54587 0
20.438 13.2742 2.56638 0
20.4515 13.2808 2.66561 0
20.4542 13.2819 2.68576 0
20.4518 13.2803 2.663 0
20.4487 13.2796 2.64746 0
20.4829 13.2912 2.88 0
20.4921 13.2926 2.94081 0
20.4772 13.2894 2.84505 0
20.4733 13.288 2.82 0
20.4882 13.2898 2.91409 0
20.5009 13.2927 2.99829 0
20.5049 13.2907 3.02537 0
20.5093 13.2915 3.05131 0
20.5072 13.2897 3.03586 0
20.5055 13.2868 3.03392 0
20.5256 13.2909 3.15023 0
20.5201 13.2916 3.11691 0
20.5195 13.2914 3.11421 0
20.5058 13.2925 3.03 0
20.533 13.2895 3.1982 0
20.55 13.2746 3.34458 0
20.5235 13.2899 3.14191 0
20.5587 13.2449 3.51897 0
20.5534 13.2581 3.43183 0
20.5534 13.2616 3.41504 0
20.5567 13.2475 3.50108 0
20.566 13.2226 3.66 0
20.5583 13.244 3.51543 0
20.5623 13.2314 3.59543 0
20.5557 13.2531 3.46075 0
20.5632 13.2294 3.61043 0
20.5704 13.2112 3.74104 0
20.5773 13.1862 3.90584 0
20.5755 13.1953 3.85303 0
20.5791 13.1814 3.94239 0
20.577 13.1897 3.89028 0
20.5759 13.1942 3.86149 0
20.5787 13.182 3.93526 0
20.5846 13.1535 4.11 0
20.5838 13.1584 4.08 0
20.5838 13.1141 4.32448 0
20.5844 13.1252 4.26437 0
20.5813 13.1188 4.2975 0
20.5823 13.1258 4.2599 0
20.5818 13.1194 4.29474 0
20.5762 13.1086 4.34222 0
20.583 13.123 4.27619 0
20.5853 13.1259 4.26116 0
20.5821 13.111 4.34 0
20.5835 13.1151 4.32045 0
20.5285 13.0077 4.77 0
20.5418 13.0318 4.68043 0
20.5397 13.0273 4.69347 0
20.5339 13.0171 4.73487 0
20.5409 13.0308 4.6857 0
20.5495 13.045 4.62101 0
20.5477 13.043 4.63946 0
20.5524 13.0522 4.60636 0
20.5458 13.0411 4.65 0
20.5568 13.06 4.57669 0
20.5161 12.983 4.86 0
20.5133 12.9775 4.88 0
21.5225 8.48388 10.0663 0
19.6021 -0.0883135 15.1999 0
23.7682 -8.78868 30.6097 0.23525
18.9071 4.17912 21.8865 0.101311
13.546 17.3187 7.04912 0.127006
14.4824 9.72981 9.88325 0.110479
8.09731 -4.02105 20.5916 0.0867134
17.0009 -5.83296 20.7312 0.00887804
22.4962 -6.52277 18.9714 0.0921706
30.8359 -17.0862 40.5028 0.00609052
29.27 -19.5456 41.8925 0.00564639
29.5081 -19.3594 41.7958 0.00314691
34.5557 -2.17371 15.9742 0.00689895
28.0325 -0.796417 17.9178 0.00617277
27.4165 -6.80072 13.7006 0.0020899
28.4363 -5.34499 13.5058 0.144297
21.7749 -6.42118 18.8694 0
17.6785 -0.478195 17.6416 0.098776
23.0954 -1.07646 35.3512 0.060879
23.0887 -1.0905 35.3362 0.0644584
23.111 -1.03896 35.3913 0.252966
23.0815 -1.1055 35.3201 0.0549983
23.1027 -1.05697 35.3719 0.565429
23.1201 -1.01502 35.418 0.928639
23.116 -1.02541 35.4063 1.40059
23.1135 -1.02946 35.4034 1.6185
23.1364 -0.97059 35.4691 2.51103
23.1453 -0.94676 35.496 2.77364
23.1528 -0.92864 35.5155 2.39861
23.1646 -0.89245 35.5588 2.5477
23.1647 -0.891683 35.5603 1.64987
23.1721 -0.871747 35.5824 1.32461
23.1609 -0.907888 35.5388 0.711231
23.1757 -0.859618 35.5978 0.307845
23.1658 -0.885783 35.5689 0.297442
23.1778 -0.852039 35.6065 0.107755
23.1778 -0.852039 35.6065 0.107755
23.1778 -0.852039 35.6065 0.107755
23.1819 -0.833184 35.6335 0.139037
23.1379 -0.974875 35.46 0.0685001
23.1571 -0.922002 35.5203 0.0758546
23.1819 -0.833184 35.6335 0.139037
23.1819 -0.833184 35.6335 0.139037
23.0395 -1.09534 35.3231 0.384563
23.0497 -1.10308 35.3166 0.247964
23.0505 -1.10374 35.316 0.94752
23.0504 -1.10363 35.3163 0.765478
23.0593 -1.11032 35.3111 1.08879
23.0597 -1.11068 35.311 0.465478
23.0584 -1.10962 35.3117 1.15164
23.0577 -1.10921 35.3122 0.382112
23.0426 -1.09783 35.3208 0.050433
23.072 -1.12085 35.3011 0.191254
23.072 -1.12085 35.3011 0.191254
23.069 -1.11937 35.2989 0.762128
23.0677 -1.11873 35.298 0.298745
23.0677 -1.11873 35.298 0.298745
23.0677 -1.11873 35.298 0.0857548
23.0698 -1.11979 35.2995 0.489999
26.8913 3.74171 52.9712 0.00280132
23.074 -1.12188 35.3027 4.65481
17.6367 18.8029 42.6071 0.00458965
17.6446 18.0534 42.6632 0.0041525
25.152 -1.19083 36.1607 1.29916
28.7524 9.55452 9.6887 0.129348
26.9827 17.0327 5.08659 0.138347
25.7581 0.0947018 37.8993 0.195067
25.7581 0.0947018 37.8993 0.195067
25.7539 0.0959932 37.899 0.580681
25.7498 0.0972846 37.8987 0.113039
25.7581 0.0947018 37.8993 0.585201
25.7534 0.0961616 37.8989 0.535666
25.7581 0.0947018 37.8993 0.390134
25.7581 0.0947018 37.8993 0.195067
25.7581 0.0947018 37.8993 0.195067
25.7653 0.0926159 37.8999 0.991986
6.03267 -0.578718 46.2289 0.0790185
12.795 -4.08613 43.8164 0.0731974
25.8362 8.64009 37.7135 0.149312
28.6444 13.5165 39.2754 0.0889095
20.2698 0.971557 38.5765 0.0457815
6.46794 -3.07697 38.3882 0.0201114
6.46885 -3.07682 38.3875 0.0327605
6.46899 -3.07734 38.388 0.0129689
5.97685 -3.48753 38.0246 0.0171027
5.97775 -3.48747 38.0255 0.0181958
5.97897 -3.4844 38.0245 0.0100758
5.97759 -3.48616 38.0247 0.0460266
5.97716 -3.48852 38.0257 0.0182581
5.97816 -3.48358 38.0236 0.00432327
6.93982 -4.83148 35.7835 0.00795455
6.93873 -4.83278 35.784 0.0113992
6.94008 -4.83127 35.7841 0.00991518
6.93816 -4.8331 35.7843 0.0292949
6.93657 -4.83603 35.7899 0.00971818
6.93886 -4.83427 35.7899 0.039702
6.93772 -4.83601 35.7927 0.0172954
6.93662 -4.83536 35.7871 0.0109144
6.8667 -3.35037 39.1318 0.0243587
4.092 1.12603 37.9256 0.0851871
4.09347 1.12542 37.9244 0.0205272
22.1731 15.8125 6.53396 0.082765
22.1763 15.8204 6.53623 0.0310933
22.202 15.8331 6.5026 0.0565884
22.2068 15.8296 6.49535 0.0457385
22.221 15.8484 6.48447 0.0369935
22.2049 15.8258 6.50047 0.0192084
22.2174 15.8418 6.49089 0.0658839
22.2462 15.8822 6.48514 0.0121189
22.1791 15.7983 6.52054 0.0170088
22.1758 15.8186 6.53413 0.0315617
22.1804 15.8111 6.52018 0.0561164
22.1898 15.8161 6.50814 0.0166173
22.1904 15.8226 6.51522 0.0381831
17.801 19.3674 10.1039 0.0479146
17.7831 19.3813 10.0901 0.00683304
17.7885 19.3839 10.0796 0.0520459
17.7989 19.3731 10.0956 0.0614394
17.796 19.3769 10.0928 0.0465757
17.7912 19.3825 10.079 0.0256461
17.8132 19.3528 10.1158 0.096096
17.8161 19.3527 10.1151 0.0755417
17.8062 19.3682 10.1129 0.00810937
17.3207 19.3222 8.7295 0.00349792
17.3172 19.324 8.72781 0.00599487
17.3187 19.3234 8.72863 0.00581497
17.3201 19.3228 8.72911 0.00538471
17.3173 19.3252 8.72719 0.0313621
17.318 19.3259 8.72634 0.0476779
17.3211 19.3218 8.73022 0.00284496
19.2262 18.2379 9.18549 0.0127293
19.3405 18.2124 9.37532 0.00935275
19.3401 18.2121 9.37607 0.00763412
19.3405 18.2125 9.37536 0.0045366
19.3398 18.212 9.37634 0.00543914
19.3393 18.212 9.37613 0.00269505
19.3402 18.2124 9.37571 0.00496543
19.3403 18.2126 9.37552 0.00649335
13.1718 19.6297 7.51906 0.0239413
13.389 19.6071 7.59605 0.0641052
21.8268 13.9293 7.03411 0
21.8267 13.9302 7.03378 0
21.8266 13.9305 7.0339 0
21.8267 13.9297 7.03379 0
21.8266 13.9291 7.03374 0
21.8265 13.9293 7.03362 0
27.1415 18.749 5.77266 0.0248431
27.115 18.7334 5.76712 0.0342771
27.1337 18.7272 5.78885 0.140181
27.1415 18.749 5.77266 0.0240966
27.1431 18.7445 5.79434 0.0541752
27.179 18.6839 5.8483 0.091092
27.1157 18.7286 5.76856 0.146592
27.181 18.6777 5.85437 0.144014
27.1809 18.7061 5.84878 0.243902
27.2122 18.6042 5.90217 0.0148328
27.1572 18.7446 5.8097 0.0426184
27.2067 18.6664 5.88382 0.0648771
27.2109 18.591 5.90399 0.0233744
27.1715 18.4637 5.89725 0.0255216
27.2086 18.576 5.90479 0.0237228
27.2005 18.5708 5.90303 0.0430657
27.1963 18.6076 5.88972 0.0974802
27.1716 18.465 5.89729 0.0233615
27.1911 18.5324 5.90516 0.0422477
27.1907 18.542 5.8994 0.0116726
27.1859 18.5301 5.90428 0.0243611
27.0286 18.6979 6.34041 0.0868639
27.0288 18.6981 6.33948 0.0436471
27.0782 18.7057 6.29545 0.0218774
27.0551 18.7058 6.31264 0.159413
27.0549 18.7025 6.31902 0.107385
27.0838 18.7031 6.22123 0.193437
27.0935 18.6704 6.24983 0.197994
27.1256 18.6172 6.15956 0.121373
27.1558 18.5869 6.06964 0.0840927
27.1543 18.6067 6.06833 0.0941262
27.1401 18.5986 6.06065 0.104228
27.1623 18.5913 6.07936 0.0581764
27.1416 18.6326 6.08905 0.0326519
27.1697 18.609 6.05907 0.0570149
27.1767 18.5256 5.98893 0.0467304
27.1782 18.5326 6.01222 0.0432791
27.0604 18.6903 6.34375 0.000764924
27.066 18.6904 6.34436 0.0148514
27.0696 18.7056 6.32157 0.0701533
27.133 18.6698 6.39308 0.023684
27.105 18.6996 6.38483 0.0246273
27.1302 18.6962 6.39206 0.0392822
27.1187 18.6801 6.37962 0.106336
27.1176 18.6979 6.38845 0.051236
27.1044 18.6803 6.36332 0.00592438
27.1432 18.6776 6.39946 0.0180427
27.6423 19.3504 5.7083 0.00265515
27.6406 19.3515 5.71035 0.031146
27.6358 19.3406 5.7058 0.00476451
27.6402 19.3492 5.70798 0.0263604
27.6382 19.3382 5.70516 0.0112889
27.642 19.3558 5.71208 0.0170626
27.6408 19.3499 5.70901 0.0265549
27.6396 19.3471 5.70896 0.0367229
27.6428 19.3485 5.70517 0.00652122
27.6429 19.3491 5.70667 0.0225052
25.1779 -0.556392 36.3782 0.0143015
25.1741 -0.558556 36.3711 0.0120045
25.175 -0.556548 36.3763 0.00760247
25.1746 -0.556961 36.3755 0.0054622
25.1768 -0.556382 36.3778 0.00156411
25.1747 -0.559372 36.3677 0.0152401
25.1777 -0.559244 36.381 0.0454598
25.1771 -0.558132 36.3783 0.0203088
25.1772 -0.556802 36.3781 0.0179922
25.1737 -0.556989 36.3747 0.00177672
24.3962 -2.90997 35.6565 0.00229854
24.3961 -2.90998 35.6566 0.000466578
24.396 -2.90998 35.6566 0.00219784
24.3959 -2.90999 35.6566 0.000567721
24.396 -2.91 35.6566 0.0049153
24.3959 -2.91001 35.6566 0.00258414
24.396 -2.90994 35.6565 0.00138667
24.396 -2.91004 35.6566 0.001094
24.3962 -2.91 35.6566 7.64852e-05
24.3959 -2.90995 35.6566 0.00256868
24.3961 -2.91001 35.6566 0.00128857
17.4792 -2.2786 27.591 0.0142513
19.6905 -2.35175 23.4246 0.0666825
19.6879 -2.35194 23.4231 0.0248746
19.6905 -2.35175 23.4246 0.00541491
23.3797 3.47695 32.7122 0.0104806
23.3834 3.47595 32.7069 0.0460668
23.3762 3.4717 32.7083 0.00579183
23.3785 3.47439 32.7102 0.0162723
23.3768 3.46291 32.7064 0.0147601
23.3756 3.46463 32.7055 0.0300801
23.3772 3.47136 32.707 0.0133285
23.3738 3.46162 32.7036 0.00526391
23.3746 3.47022 32.7071 0.00517042
23.3822 3.47612 32.7076 0.0423404
23.3759 3.47109 32.7083 0.0127792
26.0249 9.96378 30.8111 0.0085319
26.0221 9.96831 30.806 0.0993386
26.0223 9.96602 30.7971 0.0263233
26.0233 9.96494 30.7962 0.0171721
26.0228 9.96843 30.7969 0.0418526
26.0196 9.97541 30.7972 0.0159356
26.0193 9.97404 30.7947 0.00532282
26.0238 9.96235 30.8037 0.00831412
26.0222 9.96856 30.7994 0.0174136
26.0233 9.96241 30.8155 0.00548529
26.023 9.96774 30.7943 0.00960617
18.6894 18.2095 43.9227 0.000605119
18.6901 18.2134 43.9245 0.00205202
18.6902 18.2141 43.9234 0.00584797
18.6899 18.2133 43.923 0.00501834
18.6898 18.212 43.9235 0.0209769
18.6903 18.2108 43.922 0.0120835
18.6898 18.2123 43.9233 0.0153009
18.6894 18.2097 43.9225 0.00686526
18.6898 18.2126 43.9247 0.00300746
18.6915 18.2103 43.9214 0.0236946
18.6893 18.2099 43.923 0.00537875
18.69 18.2147 43.9243 0.000143477
17.7431 18.9699 42.5902 0.0456989
18.1048 17.3534 42.7228 0.00140069
18.1107 17.3486 42.7095 0.0401738
18.11 17.3518 42.7135 0.0200093
18.1088 17.3514 42.715 0.0490882
23.4408 -1.03722 35.2119 0.0587201
23.4394 -1.03984 35.2128 0.0267035
23.4365 -1.04268 35.2145 0.0246398
23.4335 -1.04317 35.2156 0.00666291
21.2312 -0.447525 35.5911 0.0228203
21.2314 -0.44784 35.5907 0.0133768
23.6856 1.28473 32.493 0.0624171
23.6852 1.28459 32.4926 0.0210289
23.6847 1.28691 32.4952 0.00582219
23.3548 -1.83622 33.275 0.0270925
23.3556 -1.83322 33.2739 0.0267048
23.3559 -1.83261 33.2729 0.0329488
22.0433 -6.04922 31.1219 0.0145758
12.1201 -19.6277 15.7603 0.00530135
12.1192 -19.627 15.7602 0.0146292
12.119 -19.6271 15.7597 0.0307613
12.1201 -19.626 15.7616 0.0253694
12.1193 -19.6253 15.762 0.0402627
12.1204 -19.6247 15.7651 0.0148338
12.1207 -19.6246 15.765 0.00710233
12.0263 -19.3769 15.7636 0.025074
12.0264 -19.3773 15.7636 0.00459657
11.3717 -19.1356 16.8659 0.0205467
11.3718 -19.1359 16.8654 0.0192566
13.8867 -17.6782 16.2134 0.000967029
13.8872 -17.6778 16.2136 0.00632883
13.8858 -17.6791 16.2144 0.00233314
13.887 -17.6754 16.2162 0.0305276
13.8872 -17.6758 16.2155 0.0448246
13.8876 -17.6744 16.2151 0.00542551
13.8877 -17.6748 16.2136 0.00394639
25.3464 -4.9184 40.9499 0.00874184
25.3671 -4.88545 40.9454 0.0235081
25.4638 -4.78295 40.95 0.0233066
25.3537 -4.93497 40.938 0.0327565
25.3507 -4.95 40.9111 0.00734508
25.3575 -4.92991 40.9256 0.08473
25.3465 -4.92704 40.9377 0.0567633
25.3538 -4.89143 40.9534 0.0573434
25.3543 -4.922 40.9374 0.105867
25.3581 -4.90243 40.9434 0.21877
25.3791 -4.88285 40.9387 0.207558
25.4533 -4.84908 40.9292 0.0895018
25.3627 -4.93596 40.9192 0.0895407
25.4814 -4.815 40.9563 0.0230963
25.4297 -4.82209 40.9229 0.0479772
25.4693 -4.8019 40.9407 0.102039
25.4492 -4.86176 40.9212 0.0295073
25.4814 -4.815 40.9563 0.0294576
25.4689 -4.78926 40.9647 0.00751062
26.35 3.24311 52.3826 0.0403564
26.2979 3.38428 52.5147 0.00473112
26.2944 3.37852 52.5143 0.0177392
26.2964 3.38162 52.5135 0.0115872
26.3004 3.38452 52.5131 0.0162744
26.2962 3.37843 52.5146 0.00310467
26.3075 3.39027 52.5072 0.00775165
26.2973 3.38302 52.5153 0.00438748
26.3064 3.39036 52.5077 0.00360896
26.3038 3.38863 52.5096 0.00589663
26.2964 3.37862 52.5151 0.000421337
26.298 3.38247 52.5143 0.0143988
26.2959 3.38037 52.5148 0.0235576
26.3006 3.38753 52.5115 0.000852594
26.2956 3.37997 52.5127 0.0284318
26.2942 3.38004 52.5123 0.0273965
28.1295 4.82289 53.9947 0.0323799
28.1347 4.82306 53.9973 0.072198
33.5698 0.641319 57.2449 0.0427875
33.5732 0.640503 57.2454 0.0273511
33.5706 0.643489 57.242 0.0430572
33.5746 0.652043 57.2522 0.0414466
33.5737 0.653026 57.2512 0.0105799
33.5749 0.651206 57.2496 0.0442293
33.5698 0.641995 57.2437 0.0193817
33.5743 0.63859 57.2457 0.00800656
33.5725 0.663837 57.2542 0.00589358
25.8143 -9.66085 15.7325 0.00756383
25.8144 -9.66104 15.7325 0.0133192
25.5679 -9.52579 15.5216 0.0122772
25.4646 -8.52615 16.6451 0.0119424
25.4596 -8.60232 16.6519 0.0521841
25.4594 -8.60175 16.6514 0.000816108
21.2691 -1.46905 18.6803 0
21.2771 -1.48378 18.6835 0
21.2776 -1.49499 18.6881 0
21.271 -1.48432 18.6862 0
21.267 -1.47054 18.6801 0
21.2698 -1.4814 18.6855 0
21.2824 -1.49649 18.6863 0
21.2552 -1.45081 18.6773 0
21.2752 -1.48958 18.6832 0
21.2772 -1.49073 18.6849 0
22.571 -1.55163 17.329 0
46.9884 -3.43837 1.84548 0.00269272
46.9883 -3.43854 1.84505 0.0132478
46.9893 -3.4374 1.84613 0.00313581
46.9887 -3.43826 1.84559 0.00785676
46.9897 -3.4382 1.84567 0.00294748
46.9883 -3.43935 1.84722 0.0304015
46.9877 -3.43821 1.84772 0.00982625
46.9886 -3.4375 1.84686 0.00867693
46.9896 -3.43773 1.8458 0.00379501
46.9891 -3.4384 1.84551 0.00538951
46.9877 -3.44142 1.84923 0.00146379
44.3188 -10.9346 21.135 0.0385775
44.358 -10.7848 21.0587 0.051451
44.3329 -10.8449 21.0907 0.0688282
44.3509 -10.8694 21.1036 0.132372
44.3606 -10.9307 21.0697 0.0595658
44.3591 -10.9554 21.0974 0.140448
44.4088 -10.8357 21.0994 0.0402475
44.3802 -10.9128 21.082 0.150116
44.3748 -10.9849 21.105 0.0670082
44.3768 -10.8011 21.0725 0.0935644
44.3759 -10.8602 21.1447 0.0157017
44.3857 -10.855 21.0941 0.0370663
44.4293 -10.8401 21.0954 0.0258921
44.3138 -10.9014 21.1548 0.00375932
44.3594 -10.989 21.1182 0.0262098
44.3288 -10.8777 21.1597 0.0290406
44.3408 -10.9513 21.1212 0.140124
44.3776 -11.0045 21.0682 0.00435526
44.3603 -10.9402 21.1348 0.105796
44.383 -11.0049 21.09 0.0360884
44.372 -10.927 21.1164 0.108836
44.3288 -10.8777 21.1597 0.0290406
44.3776 -11.0045 21.0682 0.0381202
44.394 -10.8554 21.1304 0.0260308
41.6328 -13.3912 36.5282 0.00749798
41.6357 -13.3919 36.5274 0.0171483
41.6401 -13.3934 36.5264 0.000554889
41.626 -13.3912 36.5256 0.0259514
41.6266 -13.3914 36.5252 0.0137184
41.6314 -13.3936 36.5348 0.090259
41.6305 -13.3911 36.5261 0.0126581
41.6401 -13.3928 36.5291 0.0433043
41.6433 -13.3921 36.5242 0.0296868
41.6498 -13.3925 36.523 0.0117398
41.6493 -13.3925 36.5218 0.0173418
41.6337 -13.3919 36.5303 0.0062237
30.6862 -10.567 35.0927 0.006995
30.686 -10.5663 35.0903 0.0429921
30.6857 -10.5653 35.0895 0.0135077
30.686 -10.5658 35.0912 0.0404216
24.1309 -4.82857 15.4381 0
24.1267 -4.82534 15.4655 0
24.124 -4.83108 15.4726 0
24.1314 -4.82079 15.4183 0
24.1207 -4.82926 15.4447 0
24.126 -4.82606 15.4553 0
24.1262 -4.82528 15.4619 0
24.1287 -4.82579 15.4258 0
24.0892 -4.83986 15.4913 0
24.0792 -4.8416 15.495 0
24.0907 -4.83948 15.4915 0
24.1286 -4.82724 15.4496 0
24.094 -4.83961 15.4893 0
24.117 -4.83176 15.4606 0
24.1304 -4.82405 15.4235 0
24.0932 -4.83921 15.4902 0
24.1161 -4.83801 15.4803 0
21.0608 -4.58242 13.0267 0
21.058 -4.58034 13.0217 0
21.0566 -4.58171 13.0228 0
21.0584 -4.57862 13.0192 0
21.0569 -4.58125 13.0222 0
21.0577 -4.58063 13.0215 0
21.0597 -4.58304 13.0256 0
14.7229 -3.79684 21.1332 0.0111042
14.7225 -3.79795 21.1342 0.0093599
14.7216 -3.79789 21.1343 0.0270209
14.7227 -3.79729 21.1338 0.0121924
14.725 -3.7976 21.1311 0.0297862
18.28 -6.84349 21.9654 0.0254705
18.5889 -6.9065 21.465 0.000428357
18.5876 -6.90402 21.4644 0.0161706
18.5884 -6.90568 21.4652 0.0173599
18.5878 -6.90358 21.4646 0.0252421
18.5873 -6.90324 21.4646 0.0315082
18.5875 -6.90239 21.4649 0.00154294
26.6313 -5.38142 18.87 0.0119667
26.6273 -5.38484 18.8547 0.0221744
26.6301 -5.38461 18.8533 0.0191059
26.6375 -5.37049 18.8749 0.00208354
26.6504 -5.36794 18.8774 0.0273836
26.6392 -5.37721 18.8593 0.0597961
26.6489 -5.36944 18.8756 0.0474895
26.6318 -5.37975 18.862 0.0588441
26.6467 -5.36659 18.8777 0.0380654
26.6475 -5.36668 18.8776 0.00731805
26.6411 -5.36772 18.8749 0.0161927
26.6351 -5.37562 18.8658 0.02355
26.6305 -5.38233 18.8657 0.0253848
31.6927 -3.11963 13.6594 0.00845563
31.6751 -3.12204 13.6653 0.0110081
31.6864 -3.12283 13.6597 0.0110375
31.6905 -3.12475 13.658 0.0128389
31.6789 -3.123 13.6641 0.00761749
31.692 -3.11754 13.6599 0.0110432
31.6807 -3.12339 13.6629 0.0285663
31.6923 -3.11677 13.6594 0.0360937
31.6922 -3.12042 13.6584 0.00681602
31.6892 -3.12166 13.6588 0.00741782
31.6851 -3.12453 13.6617 0.0178335
31.6924 -3.11878 13.6602 0.0103942
31.6741 -3.12181 13.6658 0.0139145
31.6712 -3.12184 13.6673 0.0113429
31.6861 -3.12462 13.6612 0.0138145
30.2225 14.3785 15.4397 0.0122705
30.2308 14.3994 15.4178 0.0478643
30.2959 14.4794 15.3809 0.0504008
30.2706 14.4513 15.3992 0.0159319
30.3159 14.4917 15.3838 0.0367104
30.3028 14.4815 15.3831 0.0945675
30.3289 14.5149 15.3877 0.0490295
30.3398 14.5259 15.3857 0.115735
30.285 14.4706 15.3866 0.0263153
30.4295 14.5869 15.4239 0.0921498
30.407 14.5846 15.4089 0.0903292
30.5283 14.6475 15.4981 0.0309919
30.4554 14.5963 15.448 0.0857794
30.473 14.585 15.4704 0.0242279
30.4931 14.6123 15.4828 0.0937097
30.5061 14.6237 15.4929 0.0782109
30.5062 14.6076 15.4858 0.0539517
30.5202 14.6551 15.5005 0.0365273
30.5194 14.6193 15.4924 0.035977
30.5224 14.625 15.4863 0.0258276
30.5295 14.6379 15.4863 0.0259793
30.227 14.3921 15.4248 0.0240839
30.227 14.3921 15.4248 0.00311692
30.2225 14.3785 15.4397 0.0246469
30.318 14.499 15.372 0.0238109
30.507 14.6012 15.497 0.0367749
30.4979 14.6022 15.4821 0.0180082
30.5283 14.6475 15.4981 0.0309919
30.5283 14.6475 15.4981 0.0309919
30.5295 14.6379 15.4863 0.0259793
30.5224 14.625 15.4863 0.0258276
16.9198 1.89851 21.7988 0.00602496
16.9201 1.89875 21.799 0.0130513
16.92 1.89875 21.7987 0.0108353
16.9197 1.89855 21.7988 0.00686907
16.92 1.89886 21.7986 0.00546257
16.9201 1.89892 21.7985 0.00149478
16.9198 1.8991 21.7982 0.00116957
17.283 -8.31311 24.7349 0.000530603
17.283 -8.31304 24.7349 0.00521496
17.283 -8.31309 24.7349 0.00373365
17.2826 -8.31292 24.7348 0.00358358
17.2832 -8.31289 24.7352 0.0100361
17.2831 -8.31304 24.735 0.00341968
17.2828 -8.31304 24.7349 0.00445475
17.1067 -9.39835 26.6064 0.0414022
30.2251 -16.0414 32.5904 0.0393333
28.9791 -18.0229 34.8801 0.0024465
28.9717 -18.0269 34.8776 0.00649395
28.9727 -18.0279 34.8805 0.0211956
28.9762 -18.0274 34.8802 0.0290221
28.9745 -18.0256 34.8783 0.0407281
28.9753 -18.0256 34.8799 0.0182602
28.9739 -18.0296 34.881 0.00737562
28.9733 -18.0278 34.8805 0.00305205
28.9764 -18.0284 34.8811 0.00183686
28.9745 -18.03 34.8813 0.00667951
22.3773 -7.17351 19.3287 0.026462
21.5603 -7.10039 17.7425 0
21.7021 -7.93242 16.7906 0
21.0833 -7.3649 15.2275 0
21.052 -8.08129 16.2002 0
21.0548 -8.07947 16.2006 0
21.0531 -8.08214 16.2009 0
21.0544 -8.08129 16.201 0
14.5579 -10.0225 21.9197 0.0255211
14.5593 -10.0226 21.9209 0.00902062
14.5584 -10.0219 21.9201 0.00673129
14.558 -10.0221 21.921 0.011598
14.5583 -10.0222 21.9196 0.00936521
15.062 -13.0856 26.2373 0.00991144
15.0604 -13.0896 26.2401 0.00987817
15.0615 -13.0876 26.2382 0.0114125
15.0614 -13.0874 26.2386 0.0224391
15.0608 -13.0891 26.2399 0.022686
15.0703 -13.0667 26.239 0.0322258
19.3994 -16.2385 31.428 0.0168917
18.9724 -17.0486 31.4943 0.00184907
18.9687 -17.0494 31.4938 0.0855719
18.9677 -17.0495 31.4934 0.00238597
23.9416 -14.0667 22.8411 0.00505028
23.9281 -14.0622 22.8481 0.114824
23.9404 -14.0615 22.8224 0.0687851
23.9292 -14.065 22.9797 0.0716334
23.9445 -14.0574 22.9054 0.209973
23.9651 -14.0521 22.8673 0.126091
23.9817 -14.0364 22.8672 0.152086
23.9639 -14.0594 23.0181 0.0712845
23.9507 -14.061 22.77 0.0190456
23.9532 -14.0551 22.7684 0.0614706
24.002 -14.0359 23.0515 0.0161065
23.9061 -14.0632 22.9206 0.00573007
23.996 -14.0572 23.0579 0.0454416
23.9534 -14.0603 23.0068 0.0236464
23.9811 -14.0484 23.0322 0.114801
24.0065 -14.053 23.068 0.118853
26.4441 -19.1213 18.086 0.0267586
17.0325 -15.8918 14.6844 0.000706321
17.0324 -15.8918 14.6841 0.00210752
17.0331 -15.8923 14.6845 0.0352745
17.0322 -15.8915 14.6833 0.00918989
17.0335 -15.8922 14.6857 0.00203839
17.0324 -15.8919 14.6832 0.016285
17.0328 -15.8918 14.6848 0.000451855
27.7609 -14.5111 29.5939 0.00328931
31.0928 -18.6773 34.2907 0.0109421
31.2944 -18.7278 34.8188 0.0288601
31.2929 -18.7279 34.8198 0.000720656
31.2936 -18.728 34.8193 0.0178689
28.9048 -8.43425 25.4684 0.0237983
28.935 -8.4485 25.4921 0.0256855
28.935 -8.4485 25.4921 0.0256855
28.9561 -8.47258 25.5195 0.026192
28.9482 -8.51822 25.5452 0.0570512
28.9758 -8.56578 25.5832 0.1098
28.9516 -8.50578 25.5374 0.0927334
28.9681 -8.56765 25.5883 0.144734
28.9781 -8.64081 25.6298 0.0825429
28.9729 -8.53892 25.5728 0.0781804
28.9716 -8.52492 25.5604 0.0441563
28.9632 -8.50165 25.5514 0.05098
28.9966 -8.62984 25.6261 0.0541539
28.9971 -8.67151 25.6479 0.0541658
28.9693 -8.775 25.7181 0.0247158
28.9663 -8.745 25.7067 0.0245043
28.9706 -8.76208 25.7099 0.0755575
28.9861 -8.7812 25.7091 0.0850603
28.999 -8.625 25.6246 0.0275041
29.01 -8.77266 25.7048 0.107126
29.0003 -8.67054 25.6472 0.0324007
29.0236 -8.79691 25.7115 0.0878482
29.0633 -8.88583 25.7587 0.0736718
29.0245 -8.85965 25.7441 0.0499231
29.0842 -8.89711 25.7638 0.0484935
29.0623 -8.88302 25.7573 0.0416302
29.0664 -8.88406 25.7652 0.0277908
29.1679 -8.92365 25.8056 0.0236172
29.2138 -9.0326 25.7606 0.082583
29.1937 -9.02605 25.7528 0.214704
29.2193 -9.04463 25.7571 0.20558
29.2221 -9.07783 25.7434 0.103464
29.2288 -9.05463 25.7496 0.109365
29.2282 -9.0541 25.7536 0.238238
29.2246 -9.09499 25.7573 0.0732313
29.2321 -9.03818 25.7728 0.0426562
29.2264 -9.12416 25.7241 0.0412045
29.1679 -8.92365 25.8056 0.018318
29.0858 -8.89216 25.7669 0.025002
29.1896 -8.91402 25.8139 0.004548
31.7091 -9.94747 24.4075 0.0158007
34.6103 -11.057 23.1241 0.00599107
34.6082 -11.0547 23.1211 0.0401455
34.6208 -11.0589 23.1246 0.0128135
34.6077 -11.0093 23.109 0.0161822
34.6005 -11.0414 23.1156 0.059215
34.6141 -11.0336 23.1145 0.0366566
34.6039 -11.0446 23.1144 0.0530181
34.6055 -11.0524 23.1195 0.056814
34.6004 -11.0608 23.121 0.0387638
34.6036 -11.0617 23.1174 0.0189408
34.6157 -11.049 23.1199 0.0198832
34.6148 -11.0451 23.1174 0.0161526
35.5151 -9.52508 20.6209 0.0271009
39.2815 -6.82307 17.1159 0.00427104
39.2814 -6.82307 17.1162 0.0171233
39.2816 -6.82298 17.1157 0.00274009
39.2815 -6.82296 17.1156 0.00246765
39.2814 -6.82319 17.116 0.00475026
41.1485 -5.41499 16.7229 0.0235548
41.1448 -5.41411 16.7233 0.0175337
41.1463 -5.41418 16.7244 0.00997936
41.1478 -5.41443 16.7241 0.0052566
41.1482 -5.41454 16.7238 0.0363601
41.144 -5.41401 16.7232 0.00506745
41.1448 -5.41411 16.7239 0.00153698
41.001 -4.34533 14.5375 0.0127521
41.0011 -4.345 14.5364 0.00459378
41.0003 -4.34515 14.5395 0.0284648
41.0007 -4.34714 14.5358 0.0175053
41.0011 -4.34669 14.5357 0.0343058
41.0011 -4.34539 14.5358 0.00335581
39.0949 -4.68983 15.4397 0.0195842
21.8124 6.16752 21.4873 0.00327594
21.8119 6.1708 21.4851 0.00829896
21.8118 6.16727 21.4865 0.00267111
21.8132 6.17043 21.4857 0.0109376
21.8166 6.17002 21.4898 0.0131025
21.8144 6.16963 21.4874 0.0224983
21.8116 6.17094 21.4851 0.0171035
21.8117 6.17025 21.4852 0.0242218
21.8145 6.16833 21.4887 0.00850742
21.8162 6.16995 21.4895 0.00948523
27.1202 18.6897 6.14113 0.00511094
27.1202 18.6897 6.14116 0.00241357
27.1201 18.6897 6.14118 8.56628e-05
27.9699 7.69237 21.175 0.00401963
28.5647 6.92647 22.5704 0.00938586
31.5592 7.67726 24.9708 0.004611
30.093 6.70837 24.9652 0.00315095
14.3551 7.29522 2.78246 0.00168785
41.1255 -5.38945 16.6969 0.00016691
41.1255 -5.38944 16.6969 0.00910819
28.8384 -8.68122 25.6715 0.042899
28.8384 -8.68122 25.6715 0.042899
28.8437 -8.66507 25.6822 0.049904
28.8387 -8.65998 25.7037 0.125725
28.8868 -8.58682 25.6812 0.0422972
28.8801 -8.60168 25.6809 0.205654
28.8967 -8.54568 25.6231 0.2289
28.9057 -8.52162 25.5809 0.10037
28.9265 -8.49531 25.5727 0.0606573
28.914 -8.55338 25.642 0.0788264
28.9118 -8.56705 25.65 0.0243126
28.929 -8.48822 25.572 0.0169619
28.9232 -8.54018 25.6097 0.000405198
28.835 -8.66538 25.6939 0.108869
28.8381 -8.68076 25.6908 0.0667005
28.8408 -8.67793 25.6735 0.00877483
28.8496 -8.66235 25.6896 0.0713478
28.8572 -8.62763 25.7145 0.0717063
28.8948 -8.58288 25.6545 0.0315911
28.9091 -8.57701 25.6718 0.00386726
28.8333 -8.68796 25.6853 0.0219209
12.6611 10.1331 8.19003 0.00245844
12.6602 10.133 8.18884 0.00760198
12.6609 10.1327 8.18928 0.0282643
12.6615 10.1324 8.18947 0.0271656
12.66 10.1333 8.18908 0.00675039
12.6603 10.133 8.18865 0.00657257
20.1517 13.1448 0.422462 0.00120609
20.1521 13.1457 0.422547 0.0276719
20.1527 13.1465 0.422719 0.0301566
27.3889 19.5283 9.46054 0.0243911
27.391 19.5267 9.46959 0.073654
27.396 19.52 9.47887 0.0950303
27.3984 19.5296 9.48355 0.0112827
27.3909 19.5269 9.46124 0.0212159
27.3959 19.5215 9.48235 0.0457559
27.3967 19.5123 9.48606 0.0137121
27.3952 19.5189 9.48074 0.0446494
27.391 19.531 9.47278 0.0109172
26.9634 18.369 4.45007 0.0396824
26.1706 18.749 4.34667 0.0194473
26.0648 18.636 4.2513 0.0311015
28.7929 18.9832 7.12743 0.0180517
28.5997 18.7589 6.82379 0.00102641
28.5982 18.7604 6.82394 0.00702765
28.5985 18.76 6.82372 0.0188366
28.5985 18.76 6.82443 0.00285007
28.5983 18.7602 6.82422 0.00237248
28.5985 18.7596 6.82436 0.00387026
28.5979 18.7606 6.82382 0.0167617
28.5986 18.7595 6.8239 0.00544041
26.3321 17.1328 0.474334 0.0131135
26.3426 17.1225 0.475769 0.0171535
26.3307 17.1266 0.474242 0.051383
26.3484 17.1115 0.469831 0.00417528
26.3573 17.11 0.471651 0.011124
26.3543 17.1098 0.469904 0.00580546
26.3297 17.1311 0.476597 0.0334697
26.3274 17.122 0.474656 0.0136049
26.3631 17.1106 0.478119 0.00539775
26.3339 17.1239 0.473848 0.0308878
26.3346 17.1235 0.475662 0.0173902
26.3335 17.1193 0.471766 0.0209829
26.3335 17.1204 0.472114 0.00394476
26.333 17.1253 0.475305 0.0248449
26.337 17.1222 0.472441 0.0322124
33.3884 15.3324 2.22957 0.0112705
30.9163 13.8431 3.50512 0.0539882
30.9162 13.8395 3.50431 0.0318317
30.9176 13.8413 3.5049 0.0290597
30.913 13.8406 3.5036 0.0106877
30.5229 13.792 2.99041 0.0550796
29.7345 13.633 3.50123 0.0144809
28.7611 3.60277 23.6551 0.00200476
28.7614 3.60272 23.6549 0.000928469
28.761 3.60289 23.6546 0.00113013
28.7611 3.60259 23.6548 0.00177256
28.7613 3.60239 23.6549 0.000828987
28.7611 3.60272 23.655 0.01273
28.7613 3.60252 23.6549 0.00155968
28.7611 3.60299 23.6548 0.00347904
28.7612 3.60281 23.6552 0.00724522
28.7613 3.6027 23.655 0.00189036
28.7612 3.60244 23.6549 0.00113612
28.7611 3.60285 23.6552 0.000330481
34.9438 6.69899 25.2346 0.0173167
33.8158 7.3301 26.0099 0.0588839
